code,name,end_date,n_cashflow_act,net_profit,n_cashflow_inv_act,n_cash_flows_fnc_act,im_net_cashflow_oper_act,accounts_receiv,acct_payable,notes_receiv,oth_receiv,money_cap,r_and_d,goodwill
SZ000001,平安银行,20181231,-57323000000.0,24818000000.0,61382000000.0,19021000000.0,-57323000000.0,0.0,0.0,0.0,0.0,0.0,0.0,7568000000.0
SZ000004,国华网安,20181231,-53310246.02,-21612682.1,-18782779.1,21000000.0,-53310246.02,27268319.8,5633643.29,0.0,922869.52,49003296.32,0.0,0.0
SZ000005,ST星源,20181231,-94794814.73,156748626.08,136252736.9,-55599169.66,-94794814.73,299860362.62,312700668.35,3229635.0,789241575.7,67715990.09,0.0,222436019.95
SZ000007,*ST全新,20181231,-6874171.3,-196200201.49,4648757.02,0.0,-6874171.3,0.0,6003681.72,0.0,20664673.8,6669715.39,0.0,0.0
SZ000008,神州高铁,20181231,-590569355.28,341889698.13,1056120107.94,-412419522.33,-590569355.28,3085112774.27,683222477.97,113794145.05,75208572.79,1228106619.48,7281273.69,3596024272.86
SZ000010,美丽生态,20181231,-238431968.04,-726512624.65,-313827358.85,444902396.17,-238431968.04,932063923.13,884522863.39,27060000.0,191837688.95,86676202.6,0.0,203019928.69
SZ000014,沙河股份,20181231,-118120075.4,154522074.31,184004773.79,-34663284.53,-118120075.4,114644.16,128235044.37,0.0,11647520.02,180659682.5,0.0,0.0
SZ000016,深康佳A,20181231,-3229823872.66,668618421.57,-2251881007.04,5796893326.72,-3229823872.66,4458053586.42,4362723050.33,3329711954.15,406196649.48,4348144129.53,0.0,855691423.75
SZ000017,深中华A,20181231,-9479474.16,-1880505.78,-17293.82,6808378.06,-9479474.16,29007509.02,9979010.69,0.0,844537.19,18488886.26,0.0,0.0
SZ000020,深华发A,20181231,-21894459.66,3295022.72,-13812144.95,-17969442.49,-21894459.66,116797834.51,60975306.43,69185516.71,5777179.08,34108330.27,0.0,0.0
SZ000025,特力A,20181231,-6574979.97,86139979.36,21702682.14,-14073081.66,-6574979.97,86104660.51,73365876.09,0.0,13527117.17,169512260.69,0.0,0.0
SZ000031,大悦城,20181231,-1863863180.25,2004363639.06,-2448036742.08,6128161666.59,-1863863180.25,250267835.75,6555729014.01,0.0,22430804672.79,12001294918.79,0.0,133719481.22
SZ000038,深大通,20181231,-649886684.2,-2552655505.87,335426286.88,-199683338.5,-649886684.2,555647882.09,226554734.31,64440000.0,38050231.56,1386748463.69,0.0,24384874.07
SZ000040,东旭蓝天,20181231,-3833258263.74,1126438186.61,-634283855.51,1944591302.11,-3833258263.74,3297595292.91,5211083645.07,309904124.28,1006390957.04,7480672414.45,2976120.02,970983314.42
SZ000045,深纺织A,20181231,-460494321.15,-62302707.38,170177455.09,263073727.51,-460494321.15,528454015.59,180239452.9,886432.06,9257192.06,1141759374.6,0.0,0.0
SZ000062,深圳华强,20181231,-26007759.27,769568971.87,-216712604.55,451835725.71,-26007759.27,2499286801.93,361293372.47,276058155.11,33514532.06,1359215331.27,0.0,1848430927.27
SZ000063,中兴通讯,20181231,-9215386000.0,-6949340000.0,-965700000.0,888087000.0,-9215386000.0,21592325000.0,19527404000.0,0.0,1997281000.0,24289798000.0,2732356000.0,186206000.0
SZ000068,华控赛格,20181231,-49603851.94,-139688508.48,-677976659.1,633019954.02,-49603851.94,195117908.67,829799289.62,767616.5,68584207.65,548342131.03,0.0,18485445.79
SZ000069,华侨城A,20181231,-9984217376.99,11294328846.78,-16827947397.41,23371407409.08,-9984217376.99,346487001.2,14066761928.46,52244148.28,30778806176.84,27228304224.55,0.0,87116029.52
SZ000070,特发信息,20181231,-81135219.37,313182375.19,-655173033.28,811793944.0,-81135219.37,2485026289.88,1163777062.15,79377795.38,78671866.1,959222956.51,0.0,456945796.46
SZ000078,海王生物,20181231,-1135175522.92,693348293.66,-1747205366.41,2341902761.66,-1135175522.92,18953146417.1,7510677320.17,1104066913.88,3162471072.26,4089093803.59,88150332.88,3917841616.99
SZ000090,天健集团,20181231,-492770050.72,775380256.52,-320361038.18,2878205111.23,-492770050.72,1993711089.32,5693181803.75,0.0,255214294.9,4524974293.75,0.0,16489992.1
SZ000151,中成股份,20181231,-459646245.26,83421145.18,-5360662.53,-31116802.49,-459646245.26,56456798.46,801707569.41,0.0,35259731.49,764374434.35,0.0,0.0
SZ000159,国际实业,20181231,-9144731.58,49833590.74,191650633.73,-238766095.43,-9144731.58,31550432.92,94923006.69,6417223.83,97064109.35,234215172.63,2542604.54,55324603.46
SZ000166,申万宏源,20181231,-13882156698.2,4247807755.03,-3609253281.48,25797147296.91,-13882156698.2,0.0,0.0,0.0,0.0,73496186445.3,0.0,0.0
SZ000402,金融街,20181231,-9029133232.71,4037487439.77,-2445096607.19,12737248320.84,-9029133232.71,307674845.94,5415730492.37,0.0,2460462379.19,11957203156.59,0.0,0.0
SZ000410,ST沈机,20181231,-56913955.87,-864093342.04,-49148819.02,-2133222479.27,-56913955.87,4754372493.9,1753672480.3,15968593.48,24323580.9,3509009667.52,117188321.85,0.0
SZ000416,民生控股,20181231,-58733930.72,22668566.23,82440336.0,-51707175.87,-58733930.72,10441953.66,0.0,0.0,2435398.82,51072618.84,0.0,0.0
SZ000419,通程控股,20181231,-33091013.78,168307314.23,161081151.36,-47109189.61,-33091013.78,10334031.56,402375664.94,656400.0,18830515.75,1122495923.16,0.0,0.0
SZ000502,*ST绿景,20181231,-14784144.99,76311665.25,208537872.01,-90000000.0,-14784144.99,2033158.33,15353764.94,0.0,42886312.04,234862398.02,0.0,0.0
SZ000503,国新健康,20181231,-23181185.84,-188711366.77,45223827.65,-4025679.0,-23181185.84,7563025.98,1214410.67,0.0,9624496.68,671541273.46,28630091.32,0.0
SZ000504,南华生物,20181231,-15187479.97,-38049976.35,-23745222.5,-69313892.41,-15187479.97,26139610.09,29541726.94,0.0,3752505.33,59012656.66,0.0,51185438.94
SZ000509,*ST华塑,20181231,-91968762.91,-50899252.53,72654830.36,0.0,-91968762.91,50657095.97,1471.4,0.0,39368833.52,32284602.86,0.0,0.0
SZ000516,国际医学,20181231,-772110966.22,2243274095.3,42930608.03,231908216.44,-772110966.22,74716207.37,587906136.7,0.0,16172819.7,1429424129.55,5840000.0,0.0
SZ000517,荣安地产,20181231,-2715771337.88,548148382.02,530547022.03,3087466368.87,-2715771337.88,67294750.23,1480717977.27,0.0,2472909493.77,1792417061.87,0.0,7856648.51
SZ000521,长虹美菱,20181231,-220560615.36,34875784.34,-954921202.55,566971563.52,-220560615.36,1670988644.76,2282174981.38,2387830887.74,59475861.81,4596077557.4,108210966.6,0.0
SZ000523,*ST浪奇,20181231,-475722581.1,33085202.85,1723776.97,642896882.09,-475722581.1,3009078085.97,424528997.84,185538648.0,43482024.68,738735272.56,0.0,0.0
SZ000530,冰山冷热,20181231,-119657885.64,112018365.5,62732656.41,519265.38,-119657885.64,1107546588.3,859489558.61,171292044.56,48156419.03,343026485.11,0.0,1750799.49
SZ000533,顺钠股份,20181231,-39002248.14,-1226986389.14,117549821.5,-142361032.4,-39002248.14,1137887336.78,384785498.97,64630451.32,38179684.99,174835585.96,0.0,10677577.24
SZ000534,万泽股份,20181231,-110532883.48,42577052.83,-332801042.13,-16113631.11,-110532883.48,8064168.57,0.0,0.0,187143962.56,271305512.76,6394672.76,0.0
SZ000536,华映科技,20181231,-1082559222.51,-4986059117.7,-1916558186.85,1189105281.44,-1082559222.51,433909399.44,2068916824.39,2300000.0,14726741.45,5283950704.25,0.0,0.0
SZ000540,中天金融,20181231,-443408545.97,1448435446.19,10531490774.15,-12282743111.64,-443408545.97,1780707664.29,4609593644.72,0.0,3205068526.49,4862679277.32,11274657.08,5258392735.84
SZ000545,金浦钛业,20181231,-350960514.43,102044942.78,-214396190.92,289488820.72,-350960514.43,67104395.49,237204722.52,47890740.54,4731818.22,291403055.36,0.0,0.0
SZ000550,江铃汽车,20181231,-101590551.0,91833346.0,-1138923928.0,-2280328316.0,-101590551.0,2674649718.0,7824908379.0,626508931.0,0.0,7616879976.0,5529226.0,3462208.0
SZ000563,陕国投A,20181231,-1297219358.49,319474221.09,-155863833.33,2327143751.56,-1297219358.49,0.0,0.0,0.0,576099795.7,1192528393.14,0.0,0.0
SZ000566,海南海药,20181231,-508955140.67,102308559.07,473166618.12,-361501576.96,-508955140.67,735591705.49,525513528.48,38266800.67,680000333.99,2630739792.7,249692653.71,299437778.26
SZ000567,海德股份,20181231,-673714323.95,120627881.06,-4982833.03,1872625784.74,-673714323.95,0.0,0.0,23521648.4,3886027.73,1245908865.3,0.0,0.0
SZ000571,ST大洲,20181231,-316994086.27,-1062290172.52,209455290.46,41700366.07,-316994086.27,303241894.91,317298586.76,10614570.66,621862620.15,363068539.27,0.0,15237142.71
SZ000585,*ST东电,20181231,-4595466.11,14098204.86,76251697.7,4644206.14,-4595466.11,21774633.39,12221771.06,0.0,3063837.3,145725658.23,0.0,0.0
SZ000586,汇源通信,20181231,-3957017.32,-1867767.31,28694790.55,-4022365.23,-3957017.32,261827945.37,166421375.14,1037823.14,25510966.58,112084792.88,454625.17,0.0
SZ000587,*ST金洲,20181231,-3038364555.9,-3072510704.23,1248125158.05,228330106.04,-3038364555.9,1396896962.59,170423762.2,50000000.0,264493703.29,1669228548.58,0.0,3166491787.89
SZ000592,平潭发展,20181231,-639446759.51,31412563.04,-212005965.68,103325803.02,-639446759.51,98052471.87,148110186.24,69364139.02,229381445.39,466065649.96,0.0,3008985.28
SZ000599,青岛双星,20181231,-229026018.01,28880453.52,64716899.03,692253360.03,-229026018.01,1137270485.66,893840708.06,468995275.45,92578419.5,875997061.14,0.0,0.0
SZ000605,渤海股份,20181231,-60015587.91,91985557.09,-226461176.71,339197199.56,-60015587.91,584006035.41,769199911.55,9848474.73,51395153.91,627513455.07,0.0,527412428.1
SZ000608,阳光股份,20181231,-9407000.0,84732000.0,-178174000.0,-698698000.0,-9407000.0,46591000.0,77262000.0,0.0,290612000.0,197521000.0,0.0,0.0
SZ000609,*ST中迪,20181231,-1325015951.1,-61590142.05,308142877.96,581222430.97,-1325015951.1,22541.08,260315070.7,0.0,14879242.37,175246122.96,0.0,2981526.6
SZ000610,西安旅游,20181231,-61609882.07,86416556.77,179861419.18,124747989.71,-61609882.07,20308681.34,20413715.7,350000.0,81773459.32,486586409.3,0.0,255198.61
SZ000611,*ST天首,20181231,-7050013.31,-161911322.2,28063823.96,-16179186.1,-7050013.31,1464077.49,1748645.0,0.0,3208649.12,9859783.28,0.0,0.0
SZ000617,中油资本,20181231,-27130947462.34,14250245152.74,27589368082.44,17930744134.34,-27130947462.34,33601800.03,43389123.33,0.0,664939741.13,225959910459.33,0.0,27305112.94
SZ000619,海螺型材,20181231,-194768394.05,3131979.66,-11329179.52,223684434.87,-194768394.05,214667040.2,124478349.99,696121546.16,8719228.64,361831215.03,0.0,0.0
SZ000622,恒立实业,20181231,-135961840.57,9116339.75,149022302.63,-6567282.4,-135961840.57,29434995.37,32365961.0,24922360.49,304104.64,188762957.46,0.0,0.0
SZ000625,长安汽车,20181231,-3887475302.44,723359381.87,-6568720044.98,-1352687911.71,-3887475302.44,1409419600.5,13916201276.95,20561625805.24,3233020118.16,9980544526.14,789597615.6,9804394.0
SZ000626,远大控股,20181231,-1081083318.99,93234434.34,984001130.44,-965330830.84,-1081083318.99,581906473.44,1925509013.81,64687688.29,184432675.04,2778773810.03,0.0,0.0
SZ000628,高新发展,20181231,-154266149.77,80414540.23,40271236.15,209238118.29,-154266149.77,513091929.3,714589237.85,0.0,714791384.51,1393915702.27,0.0,0.0
SZ000633,合金投资,20181231,-164091464.11,1302333.18,-22295146.97,1688631.97,-164091464.11,28470144.91,4683738.31,2654438.34,810897.1,63232184.1,0.0,0.0
SZ000638,*ST万方,20181231,-67888803.33,-144855295.46,56195540.0,20680863.15,-67888803.33,76279109.51,12849095.24,0.0,20876896.39,141976736.88,3227431.4,83769371.29
SZ000663,永安林业,20181231,-146960566.23,-1339661441.98,-79307342.42,1843308.62,-146960566.23,302059380.77,251264128.27,21930971.74,61853645.83,166556265.91,0.0,20831185.83
SZ000673,*ST当代,20181231,-148703556.54,-1602086272.49,-106413681.88,1388177.95,-148703556.54,441441698.76,195633384.34,0.0,304295121.83,27984102.63,0.0,94192544.71
SZ000686,东北证券,20181231,-715055619.19,311954563.76,217391821.18,-13618055.98,-715055619.19,0.0,0.0,0.0,0.0,11569794622.18,0.0,75920803.93
SZ000692,惠天热电,20181231,-7651665.81,22964013.49,-63805964.0,39601895.13,-7651665.81,563329904.24,663193953.49,2376958.44,524886077.86,464626323.65,0.0,0.0
SZ000700,模塑科技,20181231,-14652886.49,10188708.69,-624796592.4,484647352.4,-14652886.49,927941401.07,1389584756.06,84169982.06,21174850.94,653325757.89,0.0,0.0
SZ000701,厦门信达,20181231,-551872770.67,47399054.87,1022460590.32,-190004955.1,-551872770.67,2075348315.57,2603194027.56,533609227.8,688445365.54,2796374638.84,6408237.63,85272682.11
SZ000711,京蓝科技,20181231,-843379277.69,106091098.01,-488228196.9,707627127.41,-843379277.69,548742296.08,1429858870.52,15912693.98,621717740.22,590334702.96,870466.46,1251104313.38
SZ000713,丰乐种业,20181231,-66965431.03,57369701.69,176124442.23,-47358976.67,-66965431.03,184649961.28,140898848.44,26838951.59,6678309.3,194732830.96,42448506.51,123010952.52
SZ000728,国元证券,20181231,-2448046507.32,670526854.21,-299902872.89,-1064112010.18,-2448046507.32,0.0,0.0,0.0,0.0,15084867750.32,0.0,120876333.75
SZ000737,南风化工,20181231,-210896844.78,260567198.97,103357614.73,373920050.83,-210896844.78,71500803.33,156596872.77,13814571.52,14601219.97,408532257.15,0.0,0.0
SZ000738,航发控制,20181231,-346009461.58,257374859.52,-253859830.3,-134673154.22,-346009461.58,1040179842.43,534344914.64,1155969206.21,7194678.12,1137940307.56,2109756.43,0.0
SZ000750,国海证券,20181231,-1496133333.38,111869681.28,961170126.59,-1418551809.31,-1496133333.38,0.0,0.0,0.0,0.0,9476842171.18,0.0,22096264.01
SZ000751,锌业股份,20181231,-127451398.8,53072918.54,-165334723.98,129970515.17,-127451398.8,136345954.47,144937966.48,92163894.27,11288001.44,314623635.88,0.0,0.0
SZ000762,西藏矿业,20181231,-60882665.91,-196816310.34,-41737466.74,-105137383.61,-60882665.91,139199574.44,24342439.9,46751094.17,39468607.95,1245182208.77,0.0,0.0
SZ000780,ST平能,20181231,-199688506.94,-251022382.59,-219731169.84,-202861264.8,-199688506.94,547322058.79,315724175.59,165772992.15,26578990.68,2646806829.8,778301.88,0.0
SZ000793,华闻集团,20181231,-361420751.81,-4934305774.46,-2485667495.55,981794722.19,-361420751.81,1394549719.72,462305630.72,1762895.0,336286366.83,1307307693.84,0.0,1747236420.62
SZ000797,中国武夷,20181231,-1084676685.84,426473834.29,-433893357.39,-593591596.06,-1084676685.84,1493991599.79,1459094311.04,0.0,100835226.48,2048444192.72,4679562.72,4502719.17
SZ000806,ST银河,20181231,-364341668.65,-736342747.16,205920438.8,-37581861.45,-364341668.65,540636361.22,203155065.59,76966769.35,714182928.2,50748897.76,0.0,0.0
SZ000810,创维数字,20181231,-77562911.4,316167817.68,-58411531.92,383119832.12,-77562911.4,4155614250.03,2277569724.83,317497691.24,74993210.23,985050642.54,0.0,91648800.54
SZ000820,*ST节能,20181231,-100856375.9,-700564300.79,2294074.0,-55099422.69,-100856375.9,294018387.37,326069920.33,495000.0,1089869341.32,111209115.8,0.0,0.0
SZ000826,启迪环境,20181231,-743190697.71,689372741.53,-2277907684.76,587108154.66,-743190697.71,5987968979.48,4891971615.89,187141940.56,392389075.93,2389975758.52,0.0,829440177.98
SZ000831,五矿稀土,20181231,-281974585.56,101405966.43,-16116950.84,12705282.12,-281974585.56,269316531.0,4418001.9,331833769.03,354911.87,215032106.93,0.0,0.0
SZ000835,*ST长动,20181231,-6736671.0,-448667271.07,79955973.42,-295775404.89,-6736671.0,29600728.84,30058783.44,0.0,19768265.82,17722544.66,0.0,270696087.63
SZ000837,秦川机床,20181231,-34533967.81,-279689008.22,-875627683.37,245615810.08,-34533967.81,726368538.77,942459357.73,441692853.7,79017679.65,911826094.28,97083596.05,0.0
SZ000839,中信国安,20181231,-134146314.13,1919249960.57,745015467.14,-1294320863.66,-134146314.13,550787042.18,1834068090.43,0.0,111832528.82,588235479.2,0.0,0.0
SZ000850,华茂股份,20181231,-69654141.28,96405221.54,-7118707.34,20670853.86,-69654141.28,241524155.25,157127281.02,134194267.13,22759089.37,249673753.26,0.0,275946.9
SZ000851,高鸿股份,20181231,-464868210.58,58240827.69,-417123617.32,593493055.15,-464868210.58,1638774920.72,724912501.03,145131933.63,216767791.33,1709028756.25,91497710.69,349813982.62
SZ000852,石化机械,20181231,-293654221.31,31945866.78,-56581606.76,348936857.62,-293654221.31,1987155542.29,2547056581.92,151505005.57,50927168.17,214941950.92,0.0,0.0
SZ000868,安凯客车,20181231,-345317349.45,-875708815.62,-100671643.34,437395866.08,-345317349.45,2082856671.49,2088850970.47,75938977.9,1954534675.26,1067959971.48,0.0,0.0
SZ000882,华联股份,20181231,-70063637.75,28965960.86,-101606114.53,-925316440.28,-70063637.75,437423523.76,173688455.89,0.0,644261710.57,2215758136.35,0.0,75978520.5
SZ000889,中嘉博创,20181231,-89314795.04,252883527.21,-120339713.0,542654071.01,-89314795.04,1054026627.49,398707944.61,10215000.0,60740845.92,693276626.3,0.0,2971539534.02
SZ000892,欢瑞世纪,20181231,-648767107.43,323285771.88,-102659321.73,256792649.63,-648767107.43,2322106989.87,328606513.3,30000000.0,33166613.01,493740988.01,26944330.8,0.0
SZ000913,钱江摩托,20181231,-54467390.56,36797552.11,-271890606.16,-15445670.83,-54467390.56,673456724.23,855460774.16,123399048.16,50555351.46,236879651.82,0.0,0.0
SZ000918,嘉凯城,20181231,-779238425.54,-1654609405.68,206762503.62,323978505.27,-779238425.54,91486423.85,1366355198.37,0.0,3325717173.87,747593046.95,0.0,81907378.53
SZ000927,中国铁物,20181231,-1305949934.85,36598179.51,2855123520.18,-1013497583.89,-1305949934.85,18529563.97,520594760.67,13342900.0,1902632.79,1875230430.85,0.0,0.0
SZ000930,中粮科技,20181231,-923311085.25,517368106.62,-854661601.89,1322701144.97,-923311085.25,771570170.51,833107374.01,253246478.95,987195592.46,772935561.95,316143.14,366044719.46
SZ000936,华西股份,20181231,-196457858.43,338694229.28,251658790.94,13228773.66,-196457858.43,367864571.67,125882409.02,324930985.51,187124857.41,1142169826.57,0.0,6991610.62
SZ000950,重药控股,20181231,-1705762262.41,750913958.4,-209143640.66,2563000186.95,-1705762262.41,9913347130.74,4416696668.85,453829444.52,181662220.2,2547805240.23,602072.23,731702748.54
SZ000953,河化股份,20181231,-52463485.11,-273793686.63,45528625.04,-172750000.0,-52463485.11,5356929.71,18555073.59,50000.0,1236277.17,5077706.04,0.0,0.0
SZ000955,欣龙控股,20181231,-62207069.25,-113258668.07,-8485256.61,-105559102.61,-62207069.25,96984075.93,27035053.25,7365068.84,25150304.31,208810918.29,0.0,0.0
SZ000957,中通客车,20181231,-747113184.03,36571256.92,-3890606.14,815254100.57,-747113184.03,7130725618.89,3048042489.72,0.0,62030366.52,1901704251.41,0.0,654873.74
SZ000965,天保基建,20181231,-1971935777.14,97023993.88,-3292342.14,-370147395.3,-1971935777.14,4954106.47,344268050.32,0.0,109057546.41,1305206821.1,0.0,10933697.32
SZ000967,盈峰环境,20181231,-1150744895.07,1358179193.9,1153540442.45,-461966734.35,-1150744895.07,5687889694.1,3423281587.74,619342298.97,273542453.45,2389358581.74,0.0,6246804415.89
SZ000980,*ST众泰,20181231,-2313504406.38,800764883.41,-1215496217.66,1486515423.21,-2313504406.38,6218774242.33,6181180106.47,741943983.12,2258035128.48,4314953254.49,104047289.19,6258621225.84
SZ000982,中银绒业,20181231,-49087690.64,-2990468971.53,-8096103.06,-626875638.72,-49087690.64,603782864.19,342049467.12,4170000.0,257183078.18,282775546.63,0.0,9823296.94
SZ000995,皇台酒业,20181231,-2986445.71,-95488166.22,-12429408.95,14104067.23,-2986445.71,1145479.28,50099172.89,0.0,32691219.43,4324740.64,0.0,0.0
SZ000996,中国中期,20181231,-11031363.9,15184671.32,-4707286.93,-122103.04,-11031363.9,2370992.45,1092671.17,0.0,20718814.2,129486994.52,0.0,0.0
SZ000997,新大陆,20181231,-55976259.79,605786605.13,-651361.53,675835530.87,-55976259.79,741503716.05,943330064.42,49180640.59,3100120049.92,2630793022.95,0.0,552745414.55
SZ000998,隆平高科,20181231,-14403400.18,902946937.85,763616128.85,359445058.1,-14403400.18,796524025.98,0.0,1070000.0,717909026.08,1996183630.17,461353683.96,1632609736.34
SZ001209,洪兴股份,20181231,-43371738.04,85700321.81,-14329551.86,40086280.0,-43371738.04,46229563.2,91091637.32,860000.0,1772366.03,63427954.54,0.0,0.0
SZ001218,丽臣实业,20181231,-33652230.38,89398153.63,-104176673.33,124539637.01,-33652230.38,258111781.55,114299414.94,17597510.35,297213.51,171384525.63,0.0,0.0
SZ001267,汇绿生态,20181231,-21792704.41,0.0,-6678710.34,5877524.85,0.0,545393052.83,474260575.01,0.0,0.0,142189641.73,0.0,0.0
SZ002006,精功科技,20181231,-74297788.43,6688032.94,-80187972.11,69991879.31,-74297788.43,301858335.01,299856878.74,170171865.64,71347307.54,211438394.49,0.0,0.0
SZ002013,中航机电,20181231,-909260584.89,907367979.66,-2048419867.91,2146581191.71,-909260584.89,6776128369.83,5218929069.46,1835991922.68,163666944.72,3528838800.35,105542515.09,331322398.69
SZ002015,协鑫能科,20181231,-55302320.48,5932628.16,-195074598.64,232418811.56,-55302320.48,48111000.34,22016590.71,27684222.32,50218960.17,46835030.1,0.0,0.0
SZ002016,世荣兆业,20181231,-287199.47,801229735.42,15766866.7,305774257.71,-287199.47,10820374.31,622049164.47,0.0,41682069.2,2189841245.42,0.0,7260749.12
SZ002024,苏宁易购,20181231,-13874467000.0,12642548000.0,-3010164000.0,22534075000.0,-13874467000.0,5415147000.0,19835614000.0,1265543000.0,0.0,48041523000.0,23881000.0,2411552000.0
SZ002037,保利联合,20181231,-400211342.94,240765308.4,-65303586.37,6878182.9,-400211342.94,5100486265.14,2158218249.55,147295341.28,1444946205.52,888535069.27,106026.67,124598981.24
SZ002041,登海种业,20181231,-28700927.21,-24688314.14,453857518.05,-488185092.6,-28700927.21,24398467.84,21347924.98,0.0,11188634.02,213733221.23,3328224.0,0.0
SZ002042,华孚时尚,20181231,-485799889.22,753488779.66,98062084.25,475294199.92,-485799889.22,829086495.07,401684585.76,105205298.72,603293007.59,2963834636.23,0.0,3861366.21
SZ002046,国机精工,20181231,-65195221.83,51398066.7,-107975384.55,737293956.6,-65195221.83,403010930.4,191785358.29,343690149.51,92115382.37,1023391127.14,0.0,39494686.92
SZ002047,宝鹰股份,20181231,-799352429.64,272347465.28,98531314.5,-152676156.78,-799352429.64,6083480713.03,1178967243.45,808183534.38,281099497.18,1174662844.29,0.0,124423070.92
SZ002055,得润电子,20181231,-250338695.4,245973279.73,-740230717.34,294359934.59,-250338695.4,2008160315.02,1926592004.64,1359111133.2,511106179.83,662287089.37,142672412.16,517888913.92
SZ002058,*ST威尔,20181231,-235777.93,4566507.24,2001424.55,-1434483.32,-235777.93,29346740.32,14883994.5,6658856.31,1038772.91,60347502.32,1057460.5,0.0
SZ002072,*ST凯瑞,20181231,-6624518.84,-251795262.05,2356371.29,4685088.12,-6624518.84,49358444.06,65796643.32,0.0,346794173.54,3738201.39,0.0,302.68
SZ002074,国轩高科,20181231,-1558639731.02,581685284.75,-1745023709.4,1107815713.72,-1558639731.02,5000743665.53,3061826135.1,1330340226.29,72328518.56,3092379741.17,83990218.97,80427604.58
SZ002076,ST雪莱,20181231,-6026316.16,-870461196.31,17507052.53,-103324881.88,-6026316.16,402686302.9,242385806.84,26804753.17,21468120.44,119384275.8,0.0,98522763.63
SZ002086,ST东洋,20181231,-850450976.55,-791173579.23,-214124199.21,678026537.97,-850450976.55,236672666.75,87391305.72,0.0,929027504.58,62901600.04,13540808.18,4181187.72
SZ002089,ST新海,20181231,-52012848.08,-523231363.15,-147805792.55,-41768766.96,-52012848.08,326359169.32,223509809.05,61192296.18,730249907.24,515976943.23,0.0,0.0
SZ002094,青岛金王,20181231,-118805620.23,155062081.8,-366241801.84,861267879.05,-118805620.23,877573824.97,254476806.81,1837201.9,107662455.23,1237076624.26,0.0,1356396834.48
SZ002095,生意宝,20181231,-36983359.47,37675303.65,-1564768.64,-9430428.5,-36983359.47,4588799.79,2278560.93,34336758.32,2668893.81,835930921.05,0.0,0.0
SZ002096,南岭民爆,20181231,-79406839.07,23397343.5,-70248920.77,10476666.83,-79406839.07,606542797.8,178575919.77,100882288.2,213993945.97,487582036.25,0.0,14224084.88
SZ002100,天康生物,20181231,-1178441646.71,301057649.92,-789102239.22,2250768018.06,-1178441646.71,215224695.75,197025405.71,70722125.94,174576545.61,2148179275.72,25762071.63,0.0
SZ002115,三维通信,20181231,-39840639.68,228494054.61,-529233583.92,485617471.31,-39840639.68,627498511.3,532522266.72,21040736.63,56185360.44,536610316.06,10211028.26,1128731364.62
SZ002116,中国海诚,20181231,-28826641.83,212198802.51,35673548.83,-92050137.29,-28826641.83,808398463.03,1432431559.97,163088747.58,80551804.6,1107916867.88,0.0,0.0
SZ002118,紫鑫药业,20181231,-767432118.44,173988001.25,-142836477.1,176121399.3,-767432118.44,920635308.8,323282167.2,5773316.67,65136748.95,130109720.93,4622039.46,6697812.62
SZ002122,ST天马,20181231,-67360799.06,-633974470.57,-4869243.22,-179968858.23,-67360799.06,800570303.83,426071400.43,71331707.65,3114581363.13,103978109.86,0.0,2649469.39
SZ002131,利欧股份,20181231,-166646468.75,-1851948229.57,-595759571.7,1913285055.12,-166646468.75,4471730456.85,2060042582.48,531570721.24,385725915.62,2185213014.11,0.0,1931419750.57
SZ002133,广宇集团,20181231,-1109608722.21,616497000.9,-525768114.55,2315796843.72,-1109608722.21,41003896.37,362917299.09,315000.0,641137855.59,1375636541.43,0.0,1393453.98
SZ002135,东南网架,20181231,-38698314.67,181225120.01,-460981108.53,66072201.83,-38698314.67,2798783922.31,2868760402.13,266491442.6,98617196.02,1142928755.27,0.0,393470.5
SZ002140,东华科技,20181231,-432332348.62,149163284.94,-188684889.87,160026122.37,-432332348.62,650909117.3,2101333611.67,189639274.73,62122849.21,1360272869.7,0.0,0.0
SZ002141,贤丰控股,20181231,-411970.63,5510818.81,-277836740.75,295913834.81,-411970.63,185140528.01,52110076.72,45211411.96,5730898.37,104509808.41,760898.75,691627.94
SZ002142,宁波银行,20181231,-50979147000.0,11220636000.0,-6818133000.0,38991819000.0,-50979147000.0,0.0,0.0,0.0,0.0,0.0,0.0,0.0
SZ002160,常铝股份,20181231,-100663901.4,-430991899.44,-58357548.06,-105545729.16,-100663901.4,937753466.54,491053055.12,743379473.99,32632935.47,407162158.55,0.0,731042785.78
SZ002161,远望谷,20181231,-72145367.89,-195470117.84,-10411853.62,-10000088.87,-72145367.89,214323895.46,124067196.18,4911100.01,91530336.19,217329587.35,10749371.62,14152014.62
SZ002166,莱茵生物,20181231,-84258785.79,81552400.86,-74747592.67,161666562.38,-84258785.79,112578842.98,469414187.84,0.0,16649178.24,31589704.19,0.0,0.0
SZ002169,智光电气,20181231,-185106635.02,80608144.93,-469773088.59,675006910.85,-185106635.02,1567673861.21,501910461.12,152079325.38,57977680.44,554843735.78,9588902.11,47054615.62
SZ002172,澳洋健康,20181231,-179619214.54,-46291204.82,-1059249996.16,1065403712.88,-179619214.54,282886593.22,835219724.22,384520503.65,40226242.6,897119716.09,0.0,10085353.67
SZ002176,江特电机,20181231,-916151166.6,-1679669774.24,-390745208.83,2283480913.64,-916151166.6,875899046.91,1073916183.43,574829438.92,1466184766.87,1491800832.45,0.0,161533802.1
SZ002190,成飞集成,20181231,-186989080.67,-645890537.38,-583294575.04,685797039.98,-186989080.67,1242984767.74,830686470.86,185413764.36,25747962.06,1934170109.92,5563389.2,0.0
SZ002195,二三四五,20181231,-178559858.21,1372181194.14,-566068402.13,813934181.69,-178559858.21,620552755.95,317862623.47,0.0,84731395.6,3482843345.27,0.0,2408185626.08
SZ002200,ST云投,20181231,-183363561.09,-227757395.27,-63813598.6,227203703.33,-183363561.09,568950956.45,672823710.81,23003964.07,85938148.35,314101486.42,0.0,0.0
SZ002205,国统股份,20181231,-89924586.71,2961394.59,-293662582.64,463251542.39,-89924586.71,519552429.48,754805958.1,1680000.0,68833302.97,335337219.93,0.0,0.0
SZ002207,准油股份,20181231,-21285635.58,-340108743.9,-35235361.34,-42761146.92,-21285635.58,137468824.93,116612602.9,17785912.44,2285381.68,41310100.88,0.0,0.0
SZ002210,飞马国际,20181231,-4666716927.7,-2430259709.19,142338113.45,2225108299.76,-4666716927.7,1672344738.66,322982086.48,0.0,244290313.55,3183899875.02,0.0,439966644.79
SZ002217,合力泰,20181231,-361377320.78,1304685692.78,-2280166301.51,778623445.76,-361377320.78,7788496397.65,0.0,806761867.84,124840492.81,2451828463.94,99309433.51,2267622754.81
SZ002235,安妮股份,20181231,-137740785.49,75590394.97,-59831014.57,67064102.48,-137740785.49,322170665.26,66908556.22,7298453.95,30032832.68,178447300.74,0.0,743660272.19
SZ002240,盛新锂能,20181231,-1424933.99,153376223.25,-227640631.17,81914794.51,-1424933.99,143533706.9,303616784.02,42016530.4,12714992.67,305553593.44,0.0,3185155.77
SZ002244,滨江集团,20181231,-13940192250.47,3152214835.27,-7441768207.05,18947386590.81,-13940192250.47,306769937.76,2618254147.72,0.0,15430242903.07,7189594764.85,0.0,593092.34
SZ002247,聚力文化,20181231,-598098614.46,-2899396365.46,-165635664.65,342879738.25,-598098614.46,919051763.41,244499582.92,63971386.63,218609300.58,175747746.25,0.0,275496432.28
SZ002248,华东数控,20181231,-61639503.55,-603288875.43,8045280.7,15920124.68,-61639503.55,33937925.82,59650643.97,30753752.99,3756921.3,20710953.23,0.0,0.0
SZ002259,ST升达,20181231,-41765657.24,-190956038.34,-224986439.96,-1073520825.09,-41765657.24,448875290.19,34867949.72,0.0,1243144679.75,174760022.76,0.0,15314838.11
SZ002264,新华都,20181231,-67762577.17,-6448.55,-55114424.09,226337681.25,-67762577.17,363669647.18,661593878.73,0.0,305557161.93,515021258.85,0.0,677597278.79
SZ002272,川润股份,20181231,-22318799.11,44280978.82,-2809007.57,3486875.06,-22318799.11,404957844.74,175511807.52,217715038.39,169052002.18,222702128.69,0.0,0.0
SZ002280,联络互动,20181231,-399933656.19,-977621897.29,436769201.56,-944261825.52,-399933656.19,3167386290.57,2193360158.1,7104520.0,1134148530.55,1013441477.45,33109587.0,2446739826.5
SZ002289,宇顺电子,20181231,-40596536.22,-154320452.15,47674377.72,12374286.24,-40596536.22,80666011.27,53928428.77,14077369.35,4828717.09,96297696.81,0.0,0.0
SZ002290,禾盛新材,20181231,-83966839.71,62835914.74,-43664845.85,37815172.98,-83966839.71,1653258893.58,273409067.85,207610985.59,14167964.51,388639448.25,0.0,0.0
SZ002295,精艺股份,20181231,-19706463.28,47794207.86,-110730530.83,123023363.21,-19706463.28,895934346.21,62790258.89,269509759.71,6327630.12,219709839.52,0.0,0.0
SZ002298,中电兴发,20181231,-202702848.96,188365536.62,-31238549.89,-235283551.01,-202702848.96,978660986.62,562452888.36,89714563.36,123865514.97,786236356.85,0.0,1524947496.7
SZ002300,太阳电缆,20181231,-131934329.43,122015954.18,-164515581.42,287802068.15,-131934329.43,1089818671.17,82953721.67,94087304.75,24859932.14,348464494.28,0.0,0.0
SZ002302,西部建设,20181231,-992909365.1,338307166.68,-207276626.31,-363783946.77,-992909365.1,7803806417.64,8002102947.24,4717098380.21,152929748.43,3182604491.55,2275115.4,0.0
SZ002312,川发龙蟒,20181231,-44326706.58,-217476945.53,208054857.12,-111453552.91,-44326706.58,86079222.63,16811773.13,0.0,50150062.68,1466995869.83,0.0,0.0
SZ002313,日海智能,20181231,-816190440.78,69799751.86,-700028943.59,1086461246.39,-816190440.78,1613182836.74,2261000635.97,8076581.57,253327157.46,552271876.96,28168514.14,515570134.79
SZ002334,英威腾,20181231,-135495475.3,177878433.21,-111801359.78,23452054.49,-135495475.3,888161125.84,481230502.54,110428913.4,101925886.21,488562579.13,4075374.04,198763125.63
SZ002336,人人乐,20181231,-225911405.07,-355354711.53,-152198746.66,99868408.71,-225911405.07,4300249.47,1310242757.28,0.0,154152832.2,500593539.53,0.0,0.0
SZ002343,慈文传媒,20181231,-101699978.57,-1100266392.69,-325429091.46,-510661845.1,-101699978.57,1204847056.81,368043402.88,17815500.0,49134509.52,634014644.05,0.0,127728432.91
SZ002350,北京科锐,20181231,-22908771.33,106852103.96,-116232536.01,384086860.52,-22908771.33,1205673712.06,915671141.07,15357082.09,77039338.48,623596938.18,2480530.17,36047975.0
SZ002356,*ST赫美,20181231,-379539197.93,-2009059636.4,710463766.89,-345915118.0,-379539197.93,458939583.16,210346984.36,5648145.11,898950335.61,535280445.69,0.0,0.0
SZ002358,ST森源,20181231,-822284092.38,277237556.07,-1086977141.77,784354274.0,-822284092.38,4186669526.9,949576266.76,61662945.89,93905819.22,939352248.34,0.0,0.0
SZ002362,汉王科技,20181231,-16900218.15,16019406.44,46714449.68,7334151.82,-16900218.15,141971601.17,94081284.96,9515815.55,15922342.95,151279765.7,2938193.33,2320388.55
SZ002371,北方华创,20181231,-20447601.12,282848701.39,-243925178.94,249516419.17,-20447601.12,843249860.56,1496788647.77,490389017.16,37217502.63,1037695892.96,934901665.21,17938435.54
SZ002374,中锐股份,20181231,-385434540.48,-788052911.79,-307116511.07,140965832.83,-385434540.48,996498508.46,810064037.09,6345434.3,154944461.59,174383618.38,0.0,46925986.2
SZ002375,亚厦股份,20181231,-128310289.81,373377725.45,-243431960.3,784990069.49,-128310289.81,12116265618.83,8259553560.16,340605291.56,354020145.81,2466011834.36,874949.73,325605788.37
SZ002383,合众思壮,20181231,-255265242.62,190422252.0,-538082852.44,136211729.0,-255265242.62,1143991549.52,374002831.61,14607689.02,74709936.88,1401684074.37,167278302.62,1127126628.21
SZ002388,新亚制程,20181231,-224185393.89,21859408.73,418102278.27,-360665967.74,-224185393.89,387779647.74,96293443.85,16064647.93,9570930.26,503892297.5,0.0,11042771.78
SZ002389,航天彩虹,20181231,-40721970.04,263668266.54,238365830.92,-29728842.61,-40721970.04,1466579952.1,686853841.1,442466662.48,36386399.57,531013537.17,28984287.77,657301147.54
SZ002390,信邦制药,20181231,-218563061.59,-1283183286.1,-216294331.15,-96970198.83,-218563061.59,2704831780.02,782767866.74,166733388.19,731729141.31,1614244717.41,0.0,778215310.5
SZ002392,北京利尔,20181231,-40287827.87,333734736.64,967877572.09,-787803240.38,-40287827.87,1063046404.57,724187147.04,851996611.36,39463062.99,872748666.46,0.0,0.0
SZ002418,康盛股份,20181231,-411427358.6,-1252162252.71,-172336610.59,393603128.85,-411427358.6,0.0,1066486082.13,0.0,35011345.15,128943822.89,0.0,0.0
SZ002421,达实智能,20181231,-190975018.52,213812595.89,-650162422.81,998442072.74,-190975018.52,2138980416.13,985038338.1,511416550.3,220513728.95,892377916.11,30388342.47,625287609.96
SZ002424,贵州百灵,20181231,-157445351.96,571767332.0,-859263501.32,562113683.85,-157445351.96,1589928760.42,143329175.66,750526394.03,80845014.34,545546011.66,113908856.89,20583856.73
SZ002427,ST尤夫,20181231,-395624596.35,-1044142380.05,-157622816.29,-58681002.27,-395624596.35,963179963.2,1042635059.23,59039974.67,979762265.07,539385132.4,0.0,425921072.91
SZ002432,九安医疗,20181231,-104174567.0,-2859246.19,-210243592.5,-103382550.72,-104174567.0,91402890.07,77790586.81,0.0,74353234.42,438312837.59,41398617.34,437278979.44
SZ002441,众业达,20181231,-128306568.51,195196628.74,35040514.5,-237369430.29,-128306568.51,987118058.52,526690586.0,1480422436.93,18421571.31,607445080.38,0.0,192893493.64
SZ002446,盛路通信,20181231,-11409370.8,119214567.6,-499686299.04,1091707904.4,-11409370.8,776703538.94,469870838.66,228803106.42,35106676.03,1230730342.74,13314320.68,1586217486.83
SZ002447,*ST晨鑫,20181231,-38405720.85,-637544774.6,-12542869.6,-87621031.92,-38405720.85,120649731.14,5037889.08,0.0,26172759.84,14595708.5,0.0,563698270.36
SZ002452,长高集团,20181231,-67728174.06,-245424332.23,-16680031.14,39105300.26,-67728174.06,602405726.02,486015681.49,45682823.19,101085866.1,306819532.88,0.0,130302492.18
SZ002457,青龙管业,20181231,-180970933.69,76404856.27,-165134466.21,134247412.78,-180970933.69,602290028.95,188264707.73,10488269.04,152447196.51,229399597.88,0.0,0.0
SZ002459,晶澳科技,20181231,-9607841.11,4923344.94,-147162489.44,0.0,-9607841.11,347413556.44,127082313.57,40002000.0,15172955.04,64923341.28,0.0,0.0
SZ002462,嘉事堂,20181231,-291756508.88,570612166.2,-41683396.58,286933695.43,-291756508.88,6226519766.34,2675779528.81,81552872.5,73090745.26,1080112648.75,0.0,655827332.2
SZ002464,*ST众应,20181231,-74402075.23,100419325.12,10638783.48,-6817704.13,-74402075.23,148027896.35,44028081.27,0.0,384857160.79,71071559.96,0.0,2130018225.03
SZ002470,ST金正,20181231,-1537598284.89,483180274.97,-253533902.95,1281587072.95,-1537598284.89,566675129.46,1078739565.49,37955581.31,89342199.2,4031862902.46,0.0,708026313.77
SZ002473,*ST圣莱,20181231,-95788397.78,11451475.84,226781604.92,-31047618.32,-95788397.78,44248676.01,25359982.54,630877.6,14155753.34,148966742.79,0.0,0.0
SZ002486,嘉麟杰,20181231,-10721972.54,17781746.2,-12865211.76,-391149769.45,-10721972.54,106140513.21,102232534.31,2703202.03,3105354.75,115969217.61,0.0,0.0
SZ002488,金固股份,20181231,-438838387.8,162226118.22,-113223006.7,-94800421.65,-438838387.8,325055172.79,122617772.7,82928319.65,80711505.82,2167446050.68,4085388.88,14650325.9
SZ002494,华斯股份,20181231,-200413922.92,13191388.81,-37773756.53,24963522.12,-200413922.92,114925356.55,77139872.59,2210000.0,129160557.94,331883165.31,0.0,39404750.61
SZ002499,*ST科林,20181231,-251285614.69,-564597530.18,60899462.09,133804402.97,-251285614.69,645762106.61,186211133.0,0.0,153174417.69,98165870.81,0.0,0.0
SZ002500,山西证券,20181231,-3785401055.0,219235603.0,163858533.0,2017845325.0,-3785401055.0,0.0,0.0,0.0,0.0,12681464251.0,0.0,476939901.0
SZ002501,*ST利源,20181231,-246078525.95,-4039688090.89,-145982628.0,312408299.28,-246078525.95,86804915.02,440662656.65,11164252.53,42448871.13,158346811.56,0.0,0.0
SZ002502,鼎龙文化,20181231,-112400100.56,-1278622839.72,-60707968.76,-40419963.23,-112400100.56,450562963.98,36597452.24,20526500.0,35196742.36,460261960.61,0.0,530710793.79
SZ002503,搜于特,20181231,-591184183.18,468650740.97,1388067248.55,-647840169.89,-591184183.18,1956065807.52,131624298.09,300000.0,59713838.71,883017199.52,0.0,0.0
SZ002504,ST弘高,20181231,-31157467.38,7266111.35,79697095.81,-27403657.6,-31157467.38,3718282254.11,2779916335.26,4808458.71,101874483.46,102577128.85,0.0,0.0
SZ002510,天汽模,20181231,-260556493.12,217401215.12,-895496557.15,919110018.74,-260556493.12,892020003.16,497025732.32,102530851.6,49735315.57,479798964.3,0.0,20243977.65
SZ002515,金字火腿,20181231,-123723951.13,-96762258.63,-66217209.6,-107771598.27,-123723951.13,16275258.16,14975594.37,0.0,666416089.57,259954855.0,0.0,0.0
SZ002518,科士达,20181231,-89694878.76,231556802.39,268308696.54,-172779549.55,-89694878.76,1252662438.69,417014165.88,43520000.11,17285650.19,599195291.88,0.0,481726.2
SZ002523,天桥起重,20181231,-111221602.35,111417358.1,8689826.29,71602626.16,-111221602.35,1409273470.54,447659235.14,124752509.01,30688681.94,262722159.77,0.0,173800304.47
SZ002528,英飞拓,20181231,-295922977.19,139650941.43,42741668.66,425514229.2,-295922977.19,1344231022.03,558585093.23,33756407.22,119665892.34,648886057.3,0.0,1016492834.35
SZ002529,海源复材,20181231,-150461245.99,-175099080.49,-65744106.18,115010093.3,-150461245.99,180832937.19,54921267.98,12635946.24,10815730.67,140005504.89,0.0,0.0
SZ002556,辉隆股份,20181231,-836865707.91,159474340.88,12500622.26,813247510.25,-836865707.91,204890965.46,158657903.08,220268986.39,44166430.81,1174418479.14,0.0,14315163.38
SZ002558,巨人网络,20181231,-13514050.59,1161028235.16,-2115485271.11,-487106885.72,-13514050.59,786136896.2,21631589.86,0.0,443357097.21,4941827812.91,0.0,706122297.72
SZ002564,天沃科技,20181231,-2306825649.28,185488125.09,-360056056.81,3135828232.15,-2306825649.28,7462651840.52,5974536987.64,313428496.25,546599007.62,2279995367.33,0.0,2139715644.84
SZ002569,ST步森,20181231,-47450462.61,-192980276.02,-27614715.18,0.0,-47450462.61,58867898.34,37416839.66,8832588.6,48639046.07,154590373.27,0.0,0.0
SZ002577,雷柏科技,20181231,-22006836.09,7815400.5,-10266471.86,-2862300.0,-22006836.09,100601594.44,55344868.84,55451230.77,2883084.52,279934396.52,0.0,0.0
SZ002578,闽发铝业,20181231,-11681290.72,33821852.99,-85892326.31,-19313472.34,-11681290.72,218348332.74,53597412.34,34531869.14,4100583.48,237890766.02,0.0,0.0
SZ002580,圣阳股份,20181231,-28301645.16,17595580.71,-18095428.44,-112778640.34,-28301645.16,752168015.43,204564697.52,91086609.14,5429213.27,211654312.68,0.0,0.0
SZ002584,西陇科学,20181231,-97102373.41,63267753.99,-289366819.17,753320639.61,-97102373.41,704426213.3,240627273.96,16681773.67,232795841.62,814714106.21,0.0,403999443.75
SZ002588,史丹利,20181231,-317984964.1,190081015.39,460997883.04,132402411.12,-317984964.1,14871397.88,123506467.4,0.0,85233834.18,872223352.36,0.0,0.0
SZ002589,瑞康医药,20181231,-169414942.45,1277805860.19,-1579497056.12,2270346628.68,-169414942.45,17162624298.06,5518817858.89,817246415.17,1342586375.39,3068398642.42,0.0,3308409526.44
SZ002591,恒大高新,20181231,-37199645.26,30611841.12,64042814.99,-68988124.31,-37199645.26,284110571.88,25795911.28,26120050.98,51335855.6,117560893.43,0.0,502897394.51
SZ002599,盛通股份,20181231,-40145177.93,125546197.8,-136352869.26,207371076.6,-40145177.93,435862818.11,217330887.36,5955515.52,49671922.44,213506639.42,0.0,417561415.16
SZ002609,捷顺科技,20181231,-15196805.0,96570519.64,-122647220.81,-237602158.16,-15196805.0,383284508.9,139843595.79,4068131.39,33051249.32,1243049394.24,38627744.72,40065889.6
SZ002620,瑞和股份,20181231,-247475542.82,171252750.59,7711391.38,295411147.07,-247475542.82,2268704565.5,1335478755.58,779108108.8,83232056.44,516874144.01,0.0,32673192.34
SZ002624,完美世界,20181231,-129988896.12,1759385178.13,2975845757.78,-1952268573.01,-129988896.12,1964387314.46,393093209.69,0.0,114414572.83,4228909530.42,0.0,932154566.3
SZ002627,三峡旅游,20181231,-72865359.83,99509995.88,-366145673.95,185104287.53,-72865359.83,17256494.47,89936518.45,0.0,341296144.23,883209440.04,0.0,6161527.48
SZ002628,成都路桥,20181231,-43173857.79,20959913.65,-12487010.86,-87949446.83,-43173857.79,608117900.22,1731289326.89,501887.36,666526513.96,1031651778.55,0.0,0.0
SZ002638,勤上股份,20181231,-141928237.18,-1250546922.71,223145717.51,255403447.26,-141928237.18,578178757.23,138128220.57,5076997.62,153743782.83,2009746265.67,44424012.4,443325900.0
SZ002639,雪人股份,20181231,-7399302.23,14568326.02,-271290617.15,246968674.58,-7399302.23,584584039.02,206288568.01,58459332.77,94846103.96,158052935.93,161203301.12,413036436.39
SZ002642,荣联科技,20181231,-142683920.76,-1459586897.97,-495613651.54,282513606.14,-142683920.76,728878072.07,666908365.48,9849744.93,81256655.32,821952174.78,0.0,591094011.6
SZ002656,ST摩登,20181231,-87272191.55,7895584.38,-164870728.88,-97507591.36,-87272191.55,354451925.69,116160569.85,13703438.88,51792874.39,303212593.43,0.0,409074338.97
SZ002657,中科金财,20181231,-28251608.7,-12950065.59,477540708.8,-667315489.01,-28251608.7,108821967.43,313996638.9,28821652.0,94884447.92,389651012.22,68098288.6,285022670.05
SZ002662,京威股份,20181231,-752205902.28,91226808.4,2978019457.61,-2379850719.0,-752205902.28,896991968.34,1214366064.63,186685515.72,58302374.23,158285188.81,0.0,366969839.87
SZ002665,首航高科,20181231,-215863270.1,-748389201.21,-1446354924.99,-238105126.97,-215863270.1,783039164.76,362890929.86,43558594.6,28705924.91,2660565808.37,0.0,4031797.03
SZ002666,德联集团,20181231,-96057351.03,145502598.76,-240552464.94,108288547.78,-96057351.03,782171280.2,224480543.21,161935853.4,18972210.54,383797029.17,0.0,6724528.27
SZ002668,ST奥马,20181231,-124702969.61,-1914549528.6,1084754056.97,-876655796.78,-124702969.61,1972155924.25,1001615898.29,152819841.14,173031670.56,2289085953.29,0.0,39500.71
SZ002669,康达新材,20181231,-81246625.43,79748142.46,-168840165.23,30685033.25,-81246625.43,595717020.87,101088849.17,203194307.51,5853085.43,228685420.93,0.0,328226998.45
SZ002676,顺威股份,20181231,-115062350.73,6943848.68,-8919363.26,61476639.33,-115062350.73,432066715.16,203700267.83,147171370.95,14966157.88,178511284.64,0.0,0.0
SZ002682,龙洲股份,20181231,-927387242.98,249937019.0,-310304928.88,1181123541.73,-927387242.98,1952689970.03,1027201584.3,344180649.16,1145997024.12,645569655.22,5330061.57,1049874204.74
SZ002685,华东重机,20181231,-227107501.91,322955318.06,-396561050.64,174380939.95,-227107501.91,1553399711.12,176538749.55,61432589.68,17386966.38,278924290.0,7748246.36,2245234400.19
SZ002692,ST远程,20181231,-52472681.52,-368991207.92,-24814340.37,-183778143.43,-52472681.52,1373846779.33,171008553.71,49574912.47,36560334.16,426308849.75,0.0,0.0
SZ002703,浙江世宝,20181231,-12849643.3,1965774.56,-45812968.13,18537409.75,-12849643.3,468614553.04,308232664.17,142065764.04,0.0,129531349.92,0.0,4694482.34
SZ002707,众信旅游,20181231,-2514695.39,49426886.66,-606164418.7,161526731.84,-2514695.39,601478957.31,680916831.91,0.0,311589089.68,924511578.69,0.0,693194898.32
SZ002709,天赐材料,20181231,-318250631.15,447083725.78,-512499359.68,704471287.6,-318250631.15,730590043.71,576876558.83,221641906.85,12389427.86,214941732.18,0.0,127375430.78
SZ002716,金贵银业,20181231,-54227355.61,132588215.39,-478106186.4,-173604226.82,-54227355.61,14070350.49,403644343.82,250000000.0,254172617.58,1446275327.93,0.0,0.0
SZ002718,友邦吊顶,20181231,-79477866.93,101704281.64,-97493531.31,117146429.01,-79477866.93,86260831.53,65642354.73,18799277.13,2256214.61,115676698.92,0.0,4411948.56
SZ002723,金莱特,20181231,-50769326.98,-90311182.11,-42554672.01,74447906.95,-50769326.98,138118713.92,151115812.54,886396.0,11988977.19,55289769.61,0.0,15800495.32
SZ002726,龙大美食,20181231,-106552210.2,205687714.21,-122823315.07,442987417.17,-106552210.2,308922046.78,293468241.21,3200000.0,25404369.7,904223774.08,0.0,59823738.7
SZ002735,王子新材,20181231,-112997335.65,57521581.07,31635480.53,59867041.81,-112997335.65,348875656.31,175040325.9,100346456.91,46962108.66,112975948.28,0.0,68902396.6
SZ002736,国信证券,20181231,-4468212067.01,3431254013.55,-89130410.65,-631934199.35,-4468212067.01,0.0,0.0,0.0,0.0,36237178969.5,0.0,10260249.61
SZ002740,爱迪尔,20181231,-58024077.96,49804592.35,-115451063.44,-285177801.1,-54799272.42,930324826.41,113487593.57,20000000.0,18043163.34,208092822.99,0.0,142032674.64
SZ002741,光华科技,20181231,-49751648.77,131159182.2,-401390313.72,538357824.27,-49751648.77,369881439.05,106284474.5,25468522.2,10619169.2,280462135.78,0.0,5463574.54
SZ002742,三圣股份,20181231,-85464593.64,140518500.49,-535869950.59,474474080.11,-85464593.64,1499959961.02,688073091.89,166464436.6,379380049.32,380621537.08,0.0,492984146.11
SZ002766,*ST索菱,20181231,-1020974311.3,-313640749.99,16210117.41,287775950.14,-1020974311.3,926156922.32,286384837.18,37227649.38,1376020910.94,114922599.98,7844988.89,512789711.51
SZ002769,普路通,20181231,-512397054.95,102164190.89,-9586323.3,-711192425.85,-512397054.95,1277587757.01,668015948.05,11362067.41,236141652.92,9049082286.64,0.0,0.0
SZ002771,真视通,20181231,-142021822.94,42085178.9,19556113.52,7676893.3,-142021822.94,476950125.99,276179589.73,50512002.24,14960454.64,236200438.2,0.0,0.0
SZ002774,快意电梯,20181231,-55646738.74,71728621.26,-54527546.71,5660321.0,-55646738.74,236949621.4,148472102.46,0.0,21870636.73,261107059.44,0.0,0.0
SZ002778,中晟高科,20181231,-2828967.23,18130808.99,-46175921.88,-19232.05,-2828967.23,160816723.18,35884077.41,93112705.52,4549955.12,34396650.49,0.0,0.0
SZ002781,奇信股份,20181231,-248905076.86,159614558.89,-130922579.48,76141262.33,-248905076.86,3399392493.22,838335966.43,43096876.07,96218578.49,649265164.7,0.0,7307113.79
SZ002796,世嘉科技,20181231,-15882657.98,51117177.27,-150911077.91,176106649.18,-15882657.98,259991501.71,376905045.45,191846568.42,6819562.12,168268079.68,0.0,568559303.3
SZ002797,第一创业,20181231,-832723459.99,131613628.07,-546443478.17,-19496226.22,-832723459.99,0.0,0.0,0.0,0.0,5211023109.67,0.0,14530078.7
SZ002807,江阴银行,20181231,-11897037000.0,780124000.0,2054402000.0,8617129000.0,-11897037000.0,0.0,0.0,0.0,0.0,0.0,0.0,0.0
SZ002808,恒久科技,20181231,-35016238.51,34659747.32,-64318565.79,50847289.17,-35016238.51,115708365.92,49709548.09,861938.0,11941.75,160416538.74,0.0,0.0
SZ002809,红墙股份,20181231,-39719654.88,68311444.07,-131251291.65,-56760983.29,-39719654.88,476440520.74,31797195.94,325585098.7,111010636.1,267605288.5,0.0,0.0
SZ002811,郑中设计,20181231,-23924646.71,114222658.9,-181535211.73,39373681.99,-23924646.71,1581964595.05,578009884.13,80231810.18,97211994.21,392294226.88,0.0,0.0
SZ002813,路畅科技,20181231,-240941136.85,11629005.82,108235806.59,-70434686.45,-240941136.85,300077113.73,334958732.95,108876404.17,276592131.0,150931639.62,28782129.89,0.0
SZ002819,东方中科,20181231,-136319494.7,55597590.55,73286083.42,99293454.71,-136319494.7,134496831.91,76341391.51,16933859.06,80241439.72,207237788.76,0.0,0.0
SZ002822,中装建设,20181231,-245506536.65,165078274.06,-247692366.58,245737016.12,-245506536.65,2789106942.22,588135857.55,47742808.9,73262386.57,1086445701.82,0.0,144882.75
SZ002824,和胜股份,20181231,-37793205.77,19084530.12,-90964257.08,138938680.17,-37793205.77,287421894.07,125918324.85,33163931.78,5277005.6,51801789.8,0.0,7311862.43
SZ002829,星网宇达,20181231,-50854382.65,43654091.79,-44153634.3,33562144.02,-50854382.65,393397626.73,130795749.45,49199000.0,7466073.3,162823760.27,0.0,288177954.8
SZ002835,同为股份,20181231,-33792987.43,3969263.69,4669170.98,60099954.11,-33792987.43,156065318.84,91774214.41,444265.0,4634598.7,275300267.95,0.0,0.0
SZ002837,英维克,20181231,-218757078.09,108498700.65,-168656651.47,234908681.9,-218757078.09,602909841.55,317744288.08,109200420.94,33626892.48,341035830.28,0.0,248549551.43
SZ002839,张家港行,20181231,-3796034671.7,817741745.01,-744936328.75,2087289824.28,-3796034671.7,0.0,0.0,0.0,0.0,0.0,0.0,0.0
SZ002848,高斯贝尔,20181231,-55034641.26,-74378519.88,43832974.72,-33021190.61,-55034641.26,487176245.45,304084586.17,864297.84,19707406.5,45910439.64,0.0,0.0
SZ002851,麦格米特,20181231,-94873584.64,257574729.45,132358311.83,-52679882.49,-94873584.64,690343034.12,862396551.49,509266246.71,12517308.87,151200740.27,0.0,46755357.72
SZ002856,美芝股份,20181231,-272074264.48,26522710.53,-10773511.16,58622080.68,-272074264.48,830637820.08,439734374.41,1108386.1,46094559.12,218221043.76,813675.21,0.0
SZ002865,钧达股份,20181231,-90912738.37,41831683.06,-104631133.64,407597145.89,-90912738.37,243597309.5,316756898.57,143109520.39,10403907.95,416253739.89,0.0,0.0
SZ002869,金溢科技,20181231,-28074145.14,16609853.09,-173437325.8,-35340000.0,-28074145.14,302533158.64,173878876.31,896600.0,13124147.91,407032250.96,0.0,0.0
SZ002876,三利谱,20181231,-87611015.84,27270979.91,-75059186.76,139041208.5,-87611015.84,374952825.92,222948811.61,105604046.74,7118221.48,390193978.46,0.0,8119260.23
SZ002878,元隆雅图,20181231,-5044169.25,98428945.4,-13513103.31,-40287293.86,-5044169.25,502124756.87,162669236.54,0.0,10853707.85,172591182.6,0.0,170665911.45
SZ002882,金龙羽,20181231,-52642849.33,242891616.13,91760972.62,277777817.9,-52642849.33,590233944.7,49209203.96,175267289.06,5376887.51,363145562.1,0.0,0.0
SZ002883,中设股份,20181231,-32178342.39,59294441.82,48042030.38,2164852.57,-32178342.39,294793086.0,12980469.28,4850000.0,9112512.26,130940441.08,0.0,1528434.04
SZ002885,京泉华,20181231,-1163062.62,77465606.38,29002340.9,58848634.37,-1163062.62,323827328.97,333218908.16,104234155.91,16315446.15,299733028.18,0.0,0.0
SZ002886,沃特股份,20181231,-116018439.19,35047668.59,44066199.98,32705730.38,-116018439.19,265481972.86,92392537.28,118199093.42,836527.81,109653493.67,0.0,0.0
SZ002887,绿茵生态,20181231,-8853014.61,155361055.17,775211237.74,-18637000.0,-8853014.61,677330298.2,320896128.51,3207552.47,13848685.18,916694750.49,0.0,0.0
SZ002902,铭普光磁,20181231,-39784583.07,25399096.87,22505541.65,42131294.55,-39784583.07,557849150.45,410134360.13,199194981.15,7890137.32,172438613.33,0.0,7450493.95
SZ002903,宇环数控,20181231,-75156582.33,34994280.72,-51698513.76,-50993300.0,-75156582.33,132279700.08,44300831.79,12953161.54,425015.29,62641186.49,0.0,0.0
SZ002926,华西证券,20181231,-3012511307.46,845106218.25,854819539.1,1477113020.02,-3012511307.46,0.0,0.0,0.0,0.0,11347242073.91,0.0,13702713.15
SZ002936,郑州银行,20181231,-25819469000.0,3101456000.0,9873041000.0,19013083000.0,-25819469000.0,0.0,0.0,0.0,0.0,0.0,0.0,0.0
SZ002937,兴瑞科技,20181231,-232378050.75,109699907.15,-56301761.14,297901561.18,-232378050.75,283783650.76,157348866.43,12405398.44,10850395.11,469173396.09,0.0,0.0
SZ002939,长城证券,20181231,-4183674795.44,589405819.38,-45214109.12,2932060935.53,-4183674795.44,0.0,0.0,0.0,0.0,8944187350.7,0.0,11302586.62
SZ002941,新疆交建,20181231,-336783187.15,364572456.95,-14866834.97,647988284.4,-336783187.15,3431369756.62,3068449429.83,22000000.0,426363031.51,1859177042.41,0.0,1192772.57
SZ002948,青岛银行,20181231,-20854480000.0,2043389000.0,28989535000.0,-7616996000.0,-20854480000.0,0.0,0.0,0.0,0.0,0.0,0.0,0.0
SZ002958,青农商行,20181231,-2363993000.0,2444093000.0,-11777825000.0,13190585000.0,-2363993000.0,0.0,0.0,0.0,0.0,0.0,0.0,0.0
SZ002961,瑞达期货,20181231,-164370012.54,114731625.55,-238228439.47,117287663.91,-164370012.54,0.0,0.0,0.0,0.0,0.0,0.0,5501692.3
SZ002966,苏州银行,20181231,-8547925140.0,2314438371.0,-1174199378.0,12089288882.0,-8547925140.0,0.0,0.0,0.0,0.0,0.0,0.0,0.0
SZ002998,优彩资源,20181231,-29238345.03,90502321.31,-168989883.76,263566839.25,-29238345.03,84470760.81,180868044.88,39268996.95,4434306.71,146744923.95,0.0,0.0
SZ002999,天禾股份,20181231,-162887333.14,0.0,-157566500.77,406533032.37,0.0,24359906.95,367388568.86,14023193.49,19631792.18,438307122.38,0.0,21057529.89
SZ003031,中瓷电子,20181231,-44862865.06,58686940.52,-98441256.17,277754451.4,-44862865.06,107044911.25,93506033.49,21855707.0,72319.78,195223601.86,0.0,0.0
SZ300005,探路者,20181231,-149598512.9,-226755870.9,34517237.7,-27760286.16,-149598512.9,523970875.75,206069403.59,1031738.93,150564425.37,1268233131.25,0.0,2172472.97
SZ300008,天海防务,20181231,-19996367.48,-1880602984.65,-6574095.34,-160851881.8,-19996367.48,799128564.19,523703079.74,8863033.16,44843901.25,183604358.73,0.0,0.0
SZ300010,豆神教育,20181231,-151880168.26,-1393690508.22,-314005911.64,236834251.07,-151880168.26,692982261.4,307299646.35,3735542.0,719639558.75,394773327.12,44670044.27,2919223867.63
SZ300029,*ST天龙,20181231,-30462027.43,-145818247.61,4521734.56,-94280338.3,-30462027.43,18462187.77,26328393.2,11560.0,32332459.07,4362288.47,0.0,0.0
SZ300035,中科电气,20181231,-127756018.76,130361891.8,-82797892.64,166765400.94,-127756018.76,394433395.67,124706467.01,125663188.07,7913502.29,56544873.45,327029.86,472883479.59
SZ300046,台基股份,20181231,-5543416.0,85771178.13,59812065.92,-28416000.0,-5543416.0,119719943.99,48675651.23,53761509.93,312266.97,280737228.06,0.0,288296704.58
SZ300047,天源迪科,20181231,-94002279.21,244438187.76,-177650864.57,184755480.18,-94002279.21,1535388635.95,68378643.43,115996492.35,57073821.42,303584918.01,103970627.92,653999913.24
SZ300050,世纪鼎利,20181231,-78687892.64,51815819.42,-74248198.01,-16990120.23,-78687892.64,621841359.11,143885422.68,42165235.27,64767506.15,413651988.03,20964333.87,1201545845.22
SZ300052,中青宝,20181231,-5467977.03,38046809.1,28480147.83,28682836.4,-5467977.03,154246153.78,53373071.49,0.0,14424203.81,229974588.37,0.0,25728379.32
SZ300063,天龙集团,20181231,-77494893.94,-905293731.59,-31236684.28,32994471.47,-77494893.94,1163310492.58,229363223.99,64255390.01,184582837.27,215878359.82,0.0,85075385.18
SZ300064,*ST金刚,20181231,-463579827.95,92356916.57,-75731318.87,-97345127.34,-463579827.95,786620966.73,193025028.47,44405411.24,584645504.51,762780698.22,0.0,0.0
SZ300072,三聚环保,20181231,-1385135327.31,588270910.56,-164590583.28,-2011474741.0,-1385135327.31,11767712784.52,3814923982.31,550809057.01,264053489.99,4012961404.69,228976388.2,135259916.8
SZ300074,华平股份,20181231,-38296713.5,10506612.69,-129521108.49,-43343110.21,-38296713.5,295120859.88,114241102.57,159170.0,48777546.07,98830521.93,0.0,0.0
SZ300078,思创医惠,20181231,-2250476.51,140964669.43,-261806727.9,307652083.88,-2250476.51,775700936.92,131560783.91,3209541.77,82292806.84,482794143.9,13577114.53,696076002.48
SZ300079,数码视讯,20181231,-142197249.07,84016014.78,-17072281.35,226960521.56,-142197249.07,911595369.63,240601745.92,16113979.13,115987551.49,1463374570.43,105918529.59,0.0
SZ300083,创世纪,20181231,-88133002.44,-2867923876.89,-211645476.53,69217367.1,-88133002.44,1639691694.88,1713577153.45,239505452.72,167998476.72,470643753.31,28468621.06,1653523650.04
SZ300091,金通灵,20181231,-35553256.88,93465994.39,-48467021.62,241657673.04,-35553256.88,858026599.09,1389722474.23,177754774.11,58756629.83,610945952.04,29658099.83,620399159.92
SZ300093,金刚玻璃,20181231,-206904660.6,15001327.29,-21374197.59,18192759.63,-206904660.6,277826388.74,0.0,5322853.02,257693917.27,62396845.8,0.0,0.0
SZ300095,华伍股份,20181231,-37032258.18,-89783981.28,-172317185.76,-69431831.78,-37032258.18,553341511.0,134567097.86,129193385.17,65594314.36,178257432.84,11854386.16,373372007.9
SZ300098,高新兴,20181231,-155025286.06,546730191.9,-222687249.59,-160044800.17,-155025286.06,1732344399.96,1456030432.09,151302680.14,82703989.13,1197188539.84,51250585.57,1742442323.1
SZ300103,达刚控股,20181231,-21524101.06,18776028.69,-281306361.49,3423585.75,-21524101.06,114270768.53,36757499.79,2611728.66,4003480.15,141217408.35,0.0,0.0
SZ300117,嘉寓股份,20181231,-131379271.78,60922956.2,-75134985.31,245518531.85,-131379271.78,1566699487.85,1344074495.89,175688758.34,247089703.38,767410082.16,0.0,22891720.76
SZ300123,亚光科技,20181231,-254765309.04,168778826.93,-94699061.78,463058154.36,-254765309.04,1074492683.39,284152563.78,233385975.84,564243854.82,315914962.05,0.0,2600741681.16
SZ300125,聆达股份,20181231,-15334006.1,36194552.41,49786048.67,-99879079.03,-15334006.1,168125487.38,44744078.91,17463702.81,80301999.22,103107686.63,0.0,920299.19
SZ300128,锦富技术,20181231,-252850441.41,-877465303.29,-51682202.16,220124274.21,-252850441.41,533149447.48,426097802.13,119279026.0,95703385.59,336697442.98,0.0,310081614.45
SZ300131,英唐智控,20181231,-218119954.27,198562515.77,-412166776.99,532688725.36,-218119954.27,2463132408.3,660148484.7,66961991.69,33520233.99,742138689.73,6757739.87,938000640.8
SZ300137,先河环保,20181231,-72263419.47,267221167.81,-2895933.06,74234835.96,-72263419.47,599886629.33,171137912.69,917300.0,98802386.6,572708285.99,0.0,310650771.51
SZ300138,晨光生物,20181231,-56182968.88,142425144.4,-189684146.19,218128221.57,-56182968.88,280335419.52,83673114.18,10909154.96,15320162.83,192912616.98,2274817.66,593859.19
SZ300140,中环装备,20181231,-118476276.45,34883237.26,-120370962.23,236827157.93,-118476276.45,1921089803.9,979109423.9,144091594.4,133156321.16,274183427.35,33950629.41,292158566.48
SZ300141,和顺电气,20181231,-193294880.24,9590288.12,42328506.9,76896799.16,-193294880.24,525809333.01,302857372.53,10722491.2,40769275.43,290710193.05,0.0,21000000.0
SZ300142,沃森生物,20181231,-65228373.63,1062691149.33,619137183.99,711699349.0,-65228373.63,437484056.64,251794670.1,157255.0,939188442.89,2484306240.1,682157196.68,33657636.81
SZ300152,科融环境,20181231,-33965553.83,-550220479.72,162707599.15,-127465440.94,-33965553.83,532789505.35,0.0,19241434.35,111483094.02,98701097.68,0.0,2425337.66
SZ300155,安居宝,20181231,-32619793.78,28922038.82,-20697254.44,17924612.4,-32619793.78,371484514.82,145007134.48,61038064.95,7480460.39,356962750.1,0.0,60530175.0
SZ300163,先锋新材,20181231,-57155522.57,-214918368.35,26343326.24,18772627.32,-57155522.57,129299482.25,100571692.06,1126871.43,10258284.45,49855675.55,0.0,0.0
SZ300165,天瑞仪器,20181231,-36431574.74,50219031.88,-228082546.5,22545596.95,-36431574.74,344959713.8,163373736.04,25923605.37,23418091.84,376186291.94,0.0,488863248.15
SZ300167,迪威迅,20181231,-6840965.96,-166684724.36,-1194879.25,-107466993.63,-6840965.96,227353485.34,81439963.24,0.0,92767192.26,71394393.17,1386279.8,5776564.45
SZ300173,福能东方,20181231,-101710244.0,-833999888.68,-110310576.95,-565312.91,-101710244.0,474322393.92,302213088.43,229802173.36,130851286.8,212123897.44,0.0,111061344.91
SZ300175,朗源股份,20181231,-20104496.33,58416413.05,-198104962.23,141963175.24,-20104496.33,148408544.68,114558651.53,0.0,114472693.13,11435717.76,0.0,95665616.91
SZ300178,*ST腾邦,20181231,-1471627606.53,172238187.05,-139514937.02,916676678.97,-1471627606.53,836556023.36,450864699.82,227159.0,707307175.48,1360689970.0,0.0,583328624.9
SZ300205,天喻信息,20181231,-11194290.75,114020526.25,-10397503.27,33095080.38,-11194290.75,732900766.71,339487187.04,107813149.59,21638247.94,452372720.29,22819891.75,21114822.81
SZ300208,青岛中程,20181231,-625468540.07,186357015.3,-148448223.86,808171489.26,-625468540.07,695185793.03,1224841192.5,29750000.0,37611979.41,343333293.57,0.0,24580800.0
SZ300209,天泽信息,20181231,-44658843.0,15348281.57,-38231476.74,-3334823.64,-44658843.0,812880078.58,245157619.63,19806056.78,50109849.12,390731819.97,21142305.17,827952823.82
SZ300210,森远股份,20181231,-62796744.23,-96307614.42,1840699.58,-135518185.85,-62796744.23,447741044.24,131615721.05,85252000.0,57043468.3,195485699.46,7056378.78,0.0
SZ300212,易华录,20181231,-381084987.14,357758552.46,-568751844.26,1109549580.8,-381084987.14,2758650522.82,2059978116.01,4844723.0,219355952.45,1273876891.08,158945869.09,359442464.83
SZ300217,东方电热,20181231,-208920113.87,160975770.05,-194791852.05,553626163.35,-208920113.87,479411172.75,321759489.66,610136645.26,16826133.24,363404819.63,0.0,128666459.29
SZ300222,科大智能,20181231,-279386146.5,406478986.65,4925770.93,667772361.72,-279386146.5,2076663412.44,971695589.03,221546117.38,66274160.48,886535603.8,31415646.54,1779861215.79
SZ300225,金力泰,20181231,-26968283.6,9397785.5,-18126589.82,-18813600.0,-26968283.6,345860117.08,150442461.04,124391805.51,1162487.96,134508021.94,0.0,0.0
SZ300226,上海钢联,20181231,-335301905.02,202076357.02,-67375751.26,300610187.23,-335301905.02,2050569169.1,255654841.94,591823579.6,48259689.37,529335632.64,0.0,48933631.49
SZ300237,美晨生态,20181231,-122506732.61,379100807.17,-364679587.37,198180126.56,-122506732.61,998178956.87,2005375343.61,124670077.81,145443047.11,723722382.86,0.0,538706637.76
SZ300242,佳云科技,20181231,-314330245.69,-1244764158.21,50232642.96,326988410.89,-314330245.69,952067146.61,175366516.67,0.0,67124947.22,252860442.89,0.0,303628046.38
SZ300251,光线传媒,20181231,-476309768.55,1366118913.33,2085522156.92,-1664703920.9,-476309768.55,281551141.73,428419694.63,0.0,174007829.23,1869573077.27,0.0,15482700.32
SZ300256,*ST星星,20181231,-81053734.31,-1758672144.69,-305408956.9,201314337.29,-81053734.31,1566636793.71,1656595454.69,98856661.66,144687969.79,535717903.07,0.0,875922351.46
SZ300262,巴安水务,20181231,-333380243.85,114837963.03,-128200138.18,425199459.91,-333380243.85,354087093.48,913666636.61,0.0,186552137.54,594239003.54,0.0,192397386.08
SZ300264,佳创视讯,20181231,-85349653.18,8828134.04,2999577.73,-12398670.13,-85349653.18,358983295.37,68452011.74,14669656.0,9158787.15,53360903.88,13967180.16,147278476.65
SZ300266,兴源环境,20181231,-188201269.03,-1271619543.35,-773693039.0,943873759.79,-188201269.03,1470237558.51,2579610400.1,2273490.0,397947706.18,616400273.36,0.0,463571114.67
SZ300268,佳沃食品,20181231,-185970827.67,40637466.33,25057687.18,175049705.78,-185970827.67,269210434.46,163450165.35,0.0,12003486.67,122569126.46,0.0,44409643.45
SZ300270,中威电子,20181231,-139120094.62,-32760039.68,-201047415.33,388758445.84,-139120094.62,371400841.62,231915280.76,1106845.0,37690341.49,314314449.1,0.0,0.0
SZ300273,和佳医疗,20181231,-592325987.76,108610364.5,66232693.07,9595073.78,-592325987.76,1039451892.35,132779706.29,2077338.15,90289771.58,216361735.59,0.0,11606318.83
SZ300280,紫天科技,20181231,-11267439.82,113660194.24,-44356778.02,-5555675.09,-11267439.82,305547384.37,35718801.12,62402841.45,36950252.32,34550490.02,0.0,989008712.06
SZ300282,三盛教育,20181231,-65642440.42,117047956.97,13927390.31,146867032.65,-65642440.42,290625406.97,110975625.2,21817331.16,26948882.56,714157465.46,35431140.7,684486585.67
SZ300287,飞利信,20181231,-244491402.35,-1964762189.06,-621278549.14,127506637.5,-244491402.35,1694819031.87,494463356.56,19972715.96,190495531.06,571076833.92,0.0,847372116.66
SZ300301,长方集团,20181231,-187622055.3,-108232112.74,-230845913.49,235132343.05,-187622055.3,547486714.07,351692781.75,130215527.29,27521598.18,324159892.43,0.0,383414612.17
SZ300302,同有科技,20181231,-31076402.03,20219374.4,-54818249.99,-11193595.64,-31076402.03,170687869.98,60984717.5,13505068.5,2443703.47,158937988.92,0.0,0.0
SZ300305,裕兴股份,20181231,-7660225.55,76211948.81,-50210221.71,-11530993.2,-7660225.55,161390658.16,30074502.9,275669266.65,33972.06,412989383.62,0.0,0.0
SZ300307,慈星股份,20181231,-27812987.82,127375743.17,144048881.63,73135137.65,-27812987.82,720682387.12,296879748.15,10098768.48,38386234.32,585922993.34,0.0,847105283.47
SZ300309,吉艾科技,20181231,-533706375.51,199172294.84,-311678492.24,630471603.05,-533706375.51,292826384.32,81426247.11,9219752.85,293863704.08,117259666.21,35124031.0,1438248.68
SZ300310,宜通世纪,20181231,-106155050.48,-1990533898.44,-212921433.09,-178990040.17,-106155050.48,903051316.17,597700480.52,150700.86,52625253.8,346971702.8,4440923.76,86074439.91
SZ300311,任子行,20181231,-69870626.94,138114249.29,44002931.23,2951156.19,-69870626.94,469015264.69,0.0,27251568.28,19045849.81,306197814.63,0.0,293744642.67
SZ300313,ST天山,20181231,-12053551.91,-1946481642.98,44431135.83,72262825.28,-12053551.91,11774994.37,32640570.13,150000.0,5195862.84,241876045.26,0.0,0.0
SZ300318,博晖创新,20181231,-84149883.86,77508382.28,-47656155.97,166904609.54,-84149883.86,129529428.81,101258250.37,14117638.52,11923715.51,102513073.54,47607406.97,786592379.82
SZ300324,旋极信息,20181231,-66266061.61,71011890.5,-622125052.44,-24775995.45,-66266061.61,1118800182.91,996251859.72,81560061.23,417044282.56,2436798454.59,0.0,1607351516.89
SZ300328,宜安科技,20181231,-11158963.3,39620392.62,-281914367.7,417030964.52,-11158963.3,351264265.14,272003844.9,48553453.8,12831295.74,338839946.06,0.0,170024332.06
SZ300330,华虹计通,20181231,-36684015.66,-19305922.93,10738558.16,0.0,-36684015.66,201265803.47,152097016.53,0.0,3733972.01,64754284.23,0.0,0.0
SZ300331,苏大维格,20181231,-20139760.2,56513237.89,-75709364.52,160897293.66,-20139760.2,441018258.29,236597219.32,81315116.04,7785659.45,276374784.81,0.0,421583249.06
SZ300336,新文化,20181231,-149080755.32,29156525.47,-167167708.32,-224623094.95,-149080755.32,554455403.38,80222814.5,3320000.0,213316795.01,783726330.22,0.0,930641817.08
SZ300343,联创股份,20181231,-44807260.73,-1897621876.1,-201476932.08,13649900.94,-44807260.73,2089885467.82,920701598.1,46782342.1,93667984.36,132839770.46,0.0,1198267690.52
SZ300352,北信源,20181231,-87233511.19,85355460.55,-300988539.54,-58408846.21,-87233511.19,923158434.26,41058672.56,4391819.0,19400403.77,595222418.63,57262066.86,82754563.28
SZ300353,东土科技,20181231,-96734596.4,92675072.61,-104633107.02,213241703.43,-96734596.4,829998404.58,215171866.47,81875913.24,21242380.93,316989695.2,47641079.09,1192853534.21
SZ300355,蒙草生态,20181231,-1871835226.67,239881165.45,-747652740.16,1505607192.53,-1871835226.67,4110805489.71,3030590052.56,1184962.71,183332268.07,926706806.35,0.0,166588207.2
SZ300364,中文在线,20181231,-89389368.35,-1504929912.85,-254150185.72,99296282.35,-89389368.35,232940409.42,116256048.3,0.0,126433272.75,484756200.85,56476635.84,34538763.83
SZ300365,恒华科技,20181231,-34131693.69,272406870.31,-66154724.63,35164804.37,-34131693.69,948724422.87,182777757.64,316910550.55,28395504.03,707981150.3,0.0,17755310.54
SZ300366,创意信息,20181231,-104146536.82,-420359766.36,-34014190.72,90917854.15,-104146536.82,1173804586.59,476193578.17,42185880.61,108293363.02,510529577.2,17187157.88,775640854.71
SZ300368,汇金股份,20181231,-42771779.43,35128852.98,-73587447.19,96680053.83,-42771779.43,235661166.58,128030557.73,3813472.0,56842333.62,232806590.46,0.0,331877366.01
SZ300370,ST安控,20181231,-225953245.64,-556727960.29,-189090639.21,303855740.37,-225953245.64,1093358581.94,513986268.34,111460543.79,84566729.93,369495318.12,5819608.3,289766007.85
SZ300374,中铁装配,20181231,-278613233.67,70748405.94,-455824960.96,29042021.67,-278613233.67,896316962.47,265107943.39,3310000.0,66419339.86,102235151.78,0.0,0.0
SZ300375,鹏翎股份,20181231,-21929247.98,127153242.06,-496979896.0,178261596.1,-21929247.98,503854933.09,250394885.67,138917097.01,18065914.5,318214698.67,0.0,445950468.87
SZ300377,赢时胜,20181231,-49044888.34,181361091.8,-480657430.2,114755234.23,-49044888.34,538306992.52,2031543.16,0.0,366151505.0,372220940.35,0.0,1504511.33
SZ300382,斯莱克,20181231,-59683623.55,130715279.05,-110538383.14,78361340.54,-59683623.55,361245114.43,140448953.33,4538362.0,26040762.37,115059151.31,0.0,21939747.98
SZ300388,节能国祯,20181231,-61039225.1,310743426.83,-750719192.33,313678423.4,-61039225.1,943333378.31,1849549625.85,25354972.71,234356150.87,771909270.67,0.0,246009507.65
SZ300397,天和防务,20181231,-213660098.91,-169639377.62,31002910.04,24220861.14,-213660098.91,165633495.24,132581407.62,42921506.94,17947312.75,195912986.75,4007575.21,81067539.49
SZ300399,天利科技,20181231,-14541047.05,26322552.28,10774537.71,-4000000.0,-14541047.05,49602069.21,7093464.55,0.0,5197851.5,92366911.09,5102185.49,0.0
SZ300402,宝色股份,20181231,-7310122.63,14637685.63,-45711567.17,71131321.46,-7310122.63,405946535.58,246403642.08,19465015.85,10097312.87,66110006.47,0.0,0.0
SZ300407,凯发电气,20181231,-1114731.16,14915622.71,-247762788.25,267230387.19,-1114731.16,537163966.83,206092282.87,58381618.11,32237339.89,605770551.08,0.0,22195.8
SZ300411,金盾股份,20181231,-198239959.29,-1750962173.2,89162046.93,-5755418.76,-198239959.29,726292944.5,122413152.9,18545611.01,104973354.87,201438726.2,0.0,220258672.17
SZ300412,迦南科技,20181231,-21616229.97,45822233.3,34574389.66,28270524.03,-21616229.97,255836119.57,104067907.14,37754753.06,12453067.25,276676873.62,0.0,100513141.0
SZ300413,芒果超媒,20181231,-376920617.58,927574396.79,1073825245.99,-120558207.15,-376920617.58,1340876919.84,3363276945.77,93200000.0,75922841.76,2526409541.4,0.0,0.0
SZ300420,五洋停车,20181231,-82205187.66,129282901.03,-54416528.14,39074032.21,-82205187.66,631391344.65,200682158.35,55610191.47,45796303.04,107746044.51,0.0,502121693.24
SZ300422,博世科,20181231,-39798716.07,231500394.89,-1096168248.28,1294350592.32,-39798716.07,1706696302.47,1168302114.69,6126196.16,108649394.88,732173032.08,0.0,36961826.03
SZ300423,昇辉科技,20181231,-483779118.95,450537673.45,-453001559.73,1373751928.31,-483779118.95,1455125254.97,1144021734.23,1483199841.27,9640395.58,839235946.96,0.0,1523285235.12
SZ300424,航新科技,20181231,-39756483.2,49589550.16,-445010878.9,557516338.8,-39756483.2,494217794.21,189099734.34,16139587.7,2592192.66,302527312.03,34437886.48,275910274.53
SZ300425,中建环能,20181231,-80513621.83,145543420.88,-191468791.33,244375723.79,-80513621.83,770900242.4,332717072.8,102977250.57,38355877.13,395491850.4,0.0,149882586.3
SZ300426,唐德影视,20181231,-86609982.45,-951754212.46,-55555681.1,-91238734.82,-86609982.45,587696798.85,215512425.15,0.0,83651730.32,76742562.95,0.0,499.38
SZ300432,富临精工,20181231,-101394422.95,-2328423846.88,-174135396.78,421608207.16,-101394422.95,555966527.18,498691052.56,236943612.68,4711896.65,638011914.55,0.0,0.0
SZ300440,运达科技,20181231,-10970519.57,103766288.9,-5763898.57,-96625521.61,-10970519.57,653458110.63,195396543.0,68140486.4,40059708.58,174489837.39,2975856.39,61939277.86
SZ300442,普丽盛,20181231,-55575707.3,-259378078.66,-29018558.4,34462498.35,-55575707.3,321939485.49,328610831.07,200000.0,7860232.65,43185652.45,0.0,3455455.73
SZ300443,金雷股份,20181231,-142156904.41,116343673.4,36887853.33,-5277277.26,-142156904.41,349404637.27,63299783.74,90900541.64,3772767.04,316156561.96,0.0,0.0
SZ300450,先导智能,20181231,-47969961.95,742441273.96,9909701.62,747732066.02,-47969961.95,709905660.01,1169070007.35,1732309047.45,27798001.79,1483412832.17,0.0,1092335348.25
SZ300458,全志科技,20181231,-69798480.68,107744751.9,27167141.19,-31140511.92,-69798480.68,45873808.86,134775104.53,689361.5,2265804.71,1345345764.84,0.0,469600.09
SZ300466,赛摩智能,20181231,-32511919.8,-215403410.69,-9593682.66,-1622705.34,-32511919.8,415881768.72,124031476.78,37086396.45,24064005.07,65353841.19,0.0,356993969.18
SZ300471,厚普股份,20181231,-264436400.05,-484196295.45,-49253745.09,-87461866.62,-264436400.05,373074561.69,238677919.43,29453803.2,67519392.32,83551793.49,0.0,15428390.73
SZ300477,合纵科技,20181231,-181883238.44,50249626.69,-371080633.7,563182216.78,-181883238.44,1222601969.89,1128079925.75,100328986.72,22957944.22,302221818.23,10388352.84,405390278.37
SZ300478,杭州高新,20181231,-50804238.74,20619641.43,101821654.62,188687365.2,-50804238.74,166610464.72,54662886.86,60621202.88,98041808.0,336736112.87,0.0,0.0
SZ300484,蓝海华腾,20181231,-5972336.59,24519516.4,-26857261.7,-24486014.28,-5972336.59,322898523.41,175046057.45,184675705.45,22289771.67,187388092.89,0.0,0.0
SZ300490,华自科技,20181231,-112638377.88,98724451.04,-443650494.69,536031655.3,-112638377.88,876775557.61,330161301.69,36512048.64,37773619.98,188714536.5,0.0,694126126.32
SZ300491,通合科技,20181231,-34509914.47,-14165214.25,-29894435.34,-18105625.92,-34509914.47,113309205.75,63644590.72,32152154.3,28054505.92,104391806.76,3503551.47,0.0
SZ300493,润欣科技,20181231,-36568488.31,16206282.93,-148712487.91,225588959.54,-36568488.31,344404809.75,113504799.21,113715112.93,28451981.92,199678396.43,0.0,0.0
SZ300506,名家汇,20181231,-200999224.31,344013275.91,-310220902.22,889062786.0,-200999224.31,869195048.95,497629914.8,5171863.31,29341703.29,576191738.84,0.0,182339590.0
SZ300512,中亚股份,20181231,-23242085.09,185416229.6,246649975.72,-261397941.85,-23242085.09,153044406.03,190185640.75,4890765.15,5083171.42,240667118.55,0.0,47650598.18
SZ300520,科大国创,20181231,-18299281.46,51229523.75,-31243502.87,3136561.23,-18299281.46,426833898.16,171260417.26,40613240.66,28794785.48,466171723.91,0.0,578814214.02
SZ300527,中船应急,20181231,-502764973.07,239695320.58,-134271519.96,566042055.12,-502764973.07,1064110147.78,787206161.95,19660942.58,23177390.38,1601673215.48,0.0,0.0
SZ300528,幸福蓝海,20181231,-149202188.47,-622171821.68,-149196877.34,-141780497.86,-149202188.47,186772350.45,171006901.58,4937213.2,61793290.22,347487841.89,0.0,24425116.8
SZ300531,优博讯,20181231,-27279864.12,130522436.45,-49231457.29,134076330.17,-27279864.12,275781157.45,102678836.39,40987297.99,3774583.43,384387337.42,0.0,84663192.09
SZ300535,达威股份,20181231,-776832.67,41238310.64,-49947235.4,-11718334.74,-776832.67,182832133.49,30377460.41,17931305.68,1812383.43,41829586.58,0.0,0.0
SZ300540,深冷股份,20181231,-68956591.51,-115812236.33,-65378622.35,87656996.65,-68956591.51,433245693.63,129967803.03,88193092.16,2964887.88,214420765.61,0.0,0.0
SZ300543,朗科智能,20181231,-94416520.24,44574584.04,1746920.26,-35999836.1,-94416520.24,208687306.64,282751026.44,25509230.14,9157135.14,205411553.36,0.0,0.0
SZ300545,联得装备,20181231,-106315045.38,85270352.13,-290033019.45,-11863181.16,-106315045.38,253099237.57,111554206.08,911195.47,9538753.19,204231697.37,0.0,0.0
SZ300552,万集科技,20181231,-24733402.43,6188765.73,28854338.81,12900839.14,-24733402.43,543485671.68,236662130.88,1588500.0,18106656.92,212791227.23,3516090.51,0.0
SZ300555,路通视信,20181231,-8321305.31,9538206.77,20948857.47,-6563674.49,-8321305.31,390206340.7,59102483.22,33606063.83,13682252.97,24462733.6,0.0,7916618.27
SZ300561,汇金科技,20181231,-49078930.65,25935804.17,-273411322.65,-27844900.11,-49078930.65,145869358.3,49672060.62,936892.31,2200759.38,164421420.7,0.0,0.0
SZ300566,激智科技,20181231,-33955611.71,41650835.02,-84355294.5,111318924.15,-33955611.71,469151297.54,200286598.34,176704829.6,10818881.5,145044928.6,0.0,34660057.85
SZ300569,天能重工,20181231,-293482802.37,115765634.21,-111805657.96,576274785.32,-293482802.37,589349553.85,302702737.37,58463660.69,11605232.66,390334691.27,0.0,0.0
SZ300572,安车检测,20181231,-8546694.66,125006798.25,-193245434.62,6772233.51,-8546694.66,87274178.75,56349765.31,0.0,13491054.99,210147944.12,0.0,0.0
SZ300583,赛托生物,20181231,-334413378.1,126949454.15,-223930426.99,344870705.69,-334413378.1,171943471.87,111940021.31,48171391.31,2378627.61,119322041.6,0.0,0.0
SZ300587,天铁股份,20181231,-9728252.38,82789369.81,-304311566.03,308999259.29,-9728252.38,525115182.56,138195011.01,103749480.58,34632496.25,93085205.02,0.0,206377820.89
SZ300588,熙菱信息,20181231,-48548460.03,20362171.78,-10379328.79,92650249.17,-48548460.03,535304259.73,332029685.45,738051.3,12482622.72,151830151.62,6494034.8,0.0
SZ300591,万里马,20181231,-87726059.01,42739240.69,-63252221.76,26811474.7,-87726059.01,453123823.35,131719930.91,120000.0,27725552.36,102607025.8,0.0,63362014.39
SZ300598,诚迈科技,20181231,-58277100.51,14622387.75,-48648459.64,25558098.3,-58277100.51,285395336.83,20799504.34,1461068.92,4113413.55,159981823.4,0.0,3153992.95
SZ300603,立昂技术,20181231,-241337181.08,41353508.77,-36444889.2,192839690.49,-241337181.08,681757685.28,536967566.37,259885.34,14776625.08,124752535.23,0.0,0.0
SZ300615,欣天科技,20181231,-6923884.59,15571874.5,-84197198.14,15447412.03,-6923884.59,96013734.46,31774674.93,30039084.33,1604127.57,161739870.75,0.0,0.0
SZ300625,三雄极光,20181231,-70200619.03,180267395.4,305582227.75,-320219240.0,-70200619.03,368986616.14,515950731.8,170935410.33,13518265.28,250671930.61,0.0,0.0
SZ300627,华测导航,20181231,-26055000.85,107870002.35,-1195350.54,15789590.08,-26055000.85,373713139.83,83197766.38,11425781.44,32229070.97,411633846.01,0.0,2246305.09
SZ300629,新劲刚,20181231,-46154434.69,8189123.65,-18531120.09,21174299.43,-46154434.69,166520728.48,44905485.87,3497054.3,371073.3,84818626.42,0.0,0.0
SZ300635,中达安,20181231,-2763875.91,65336075.23,-30036208.43,90028195.14,-2763875.91,554079196.57,0.0,4096000.0,20778388.78,236538247.62,0.0,129160245.02
SZ300638,广和通,20181231,-8931812.61,86796907.26,56020839.24,112417622.43,-8931812.61,338457359.42,255271690.03,77588375.1,43307188.75,264536050.81,0.0,14725105.8
SZ300644,南京聚隆,20181231,-25099606.4,22456764.22,-12046448.37,206630229.9,-25099606.4,247225879.87,83187473.37,82130430.72,2335340.57,253870362.02,0.0,0.0
SZ300648,星云股份,20181231,-19777654.11,20006242.05,-2909392.18,-4813345.06,-19777654.11,160023782.63,59036494.4,49814542.15,7384507.04,140577732.36,0.0,0.0
SZ300656,民德电子,20181231,-12287880.13,54864070.69,20197498.58,14807466.86,-12287880.13,109570086.55,15150712.81,14324518.24,2786520.8,45032592.93,0.0,110920790.37
SZ300663,科蓝软件,20181231,-50006057.54,42083474.81,-83226486.73,156975113.1,-50006057.54,545859103.03,13569521.18,0.0,18615740.72,407308560.68,6662575.8,41684149.19
SZ300665,飞鹿股份,20181231,-32703901.63,26469031.01,-95360197.03,143392888.23,-32703901.63,262595406.48,112168559.83,36286855.14,33455138.55,156707780.24,0.0,29956626.1
SZ300670,大烨智能,20181231,-21727473.23,35796153.66,49087625.16,-21600000.0,-21727473.23,284148255.81,143722075.21,930000.0,9213130.8,53952621.47,0.0,0.0
SZ300672,国科微,20181231,-75617166.8,44871265.32,-187347658.95,160761828.16,-75617166.8,216159567.15,31043898.9,0.0,77044734.92,426155995.85,24442608.05,299825844.8
SZ300678,中科信息,20181231,-12732925.39,46288745.96,2235984.64,-4999621.17,-12732925.39,198011739.45,65061143.79,6032518.4,33343873.92,229472552.41,0.0,0.0
SZ300688,创业黑马,20181231,-32194680.19,4328620.37,-81506919.24,-5230000.0,-32194680.19,44708668.17,10188919.21,0.0,14697776.3,148459320.81,3008428.82,0.0
SZ300692,中环环保,20181231,-223997871.39,64048126.83,-141932324.86,385777685.42,-223997871.39,97248421.8,152066887.0,3822267.3,53878083.21,90940445.72,0.0,32753627.5
SZ300696,爱乐达,20181231,-1507810.13,68479887.81,-143299908.23,-20933000.0,-1507810.13,93974604.21,10858357.41,51319455.0,201195.65,86001926.57,0.0,0.0
SZ300713,英可瑞,20181231,-4653901.11,15480244.93,-163063028.9,-1136183.59,-4653901.11,295091831.18,93185084.15,95266080.71,4281499.98,280123004.3,0.0,17773484.13
SZ300715,凯伦股份,20181231,-24100939.19,65102837.7,-56296878.81,71498496.9,-24100939.19,311447081.36,80878618.35,25705504.77,7058656.45,254829098.88,0.0,0.0
SZ300719,安达维尔,20181231,-100509320.52,55440703.69,123575990.01,-72473263.0,-100509320.52,496496725.25,125650370.47,86866056.0,3017253.61,215423631.57,0.0,0.0
SZ300724,捷佳伟创,20181231,-60350996.21,306191650.83,-864122396.1,987603600.0,-60350996.21,299318812.42,415093338.21,185728676.03,19583287.46,549559704.95,0.0,0.0
SZ300726,宏达电子,20181231,-38180644.84,218981003.42,-146397459.68,-38005668.67,-38180644.84,402000001.14,31904210.66,379367446.4,6511097.53,309292202.97,0.0,0.0
SZ300730,科创信息,20181231,-19459067.37,35302549.59,-20782584.59,-65868110.15,-19459067.37,155661264.58,56244946.79,30000.0,13627098.04,204791776.75,0.0,0.0
SZ300732,设研院,20181231,-41438979.82,301802567.94,-243855554.6,155474627.6,-41438979.82,1598464226.24,517244654.86,16803731.58,133353466.28,745956546.53,0.0,0.0
SZ300737,科顺股份,20181231,-198461959.04,185267247.31,-955132817.03,1634600802.11,-198461959.04,1441600476.51,585714797.99,298441571.72,147694736.2,905641005.42,0.0,0.0
SZ300738,奥飞数据,20181231,-61689338.81,57928262.25,-237745110.74,486707728.7,-61689338.81,123111273.94,72592491.99,0.0,5417568.43,310500121.87,0.0,0.0
SZ300740,水羊股份,20181231,-35422125.06,127554771.89,-513073446.12,746098819.16,-35422125.06,100227482.53,335746284.44,0.0,21243350.82,463398614.41,0.0,0.0
SZ300742,越博动力,20181231,-115546034.67,21211842.35,-242370932.36,455823462.7,-115546034.67,1139438428.65,358158275.96,99230482.86,9577691.76,334867467.15,0.0,20474387.42
SZ300745,欣锐科技,20181231,-278696429.89,82457304.84,-67415512.63,339673748.41,-278696429.89,428024728.68,330441349.23,340290578.57,5669490.52,180786370.12,7488824.48,0.0
SZ300755,华致酒行,20181231,-241264509.24,227494485.71,-1329468.46,257298171.7,-241264509.24,132737548.91,106085863.21,4731950.7,25467397.42,492816087.46,0.0,0.0
SZ300757,罗博特科,20181231,-9094872.71,95231042.79,-22075284.35,31995114.44,-9094872.71,215404385.18,141406175.82,58502443.63,3807776.39,87155198.62,0.0,99132.91
SZ300762,上海瀚讯,20181231,-40127205.84,101163704.47,-22860454.66,99724706.23,-40127205.84,602096906.52,156641701.8,30121165.0,45593592.32,135529861.17,0.0,0.0
SZ300848,美瑞新材,20181231,-3802625.75,55373669.01,-30179052.35,-8956640.04,-3802625.75,13171016.09,32007839.64,33095301.68,0.0,112852334.96,0.0,0.0
SZ300851,交大思诺,20181231,-15427698.34,106483388.4,21961700.85,-31715616.68,-15427698.34,130355335.38,25184443.38,66589516.42,0.0,84831492.81,0.0,0.0
SZ300857,协创数据,20181231,-35489061.05,67917715.06,-88865835.78,128819709.58,-35489061.05,406888641.0,191259581.05,999495.0,2462853.69,85332193.99,0.0,0.0
SZ300872,天阳科技,20181231,-44868745.75,91939491.57,-107892628.84,-1706900.6,-44868745.75,604212128.74,26130981.39,0.0,19342225.55,103265022.33,0.0,123454402.7
SZ300875,捷强装备,20181231,-63094058.14,61657342.45,-48133038.41,126837463.8,-63094058.14,159788163.18,13977691.84,0.0,4038703.57,35554840.26,0.0,17887662.25
SZ300879,大叶股份,20181231,-39851920.69,62516641.15,-155331223.47,141761146.0,-39851920.69,168686258.39,218114129.83,0.0,0.0,68965844.29,0.0,0.0
SZ300890,翔丰华,20181231,-55013799.44,61553180.7,-23268244.71,41585895.04,-55013799.44,227094490.27,246025279.39,341007759.42,528375.18,45756959.72,0.0,0.0
SZ300900,广联航空,20181231,-9534654.17,52954369.12,-89339256.77,132627682.41,-9534654.17,202006306.4,61029251.97,20501515.8,315171.86,45212087.76,0.0,0.0
SZ300919,中伟股份,20181231,-208465957.2,63133929.01,-610248220.96,962646175.25,-208465957.2,460625860.26,512747000.21,645828334.72,23743259.83,495525853.84,0.0,0.0
SZ300929,华骐环保,20181231,-84801352.87,62128692.69,-611199.91,14936674.73,-84801352.87,281831509.94,240791249.1,23950000.0,10038899.39,35033599.7,0.0,0.0
SZ300948,冠中生态,20181231,-64244846.8,57306701.59,-3678402.63,53492602.49,-64244846.8,144365756.49,138614802.96,4708488.28,0.0,8261339.79,0.0,0.0
SZ300959,线上线下,20181231,-42297661.14,55181905.6,-2947783.38,10000000.0,-42297661.14,86509183.14,6475035.64,0.0,3770930.78,51095863.44,0.0,0.0
SZ300961,深水海纳,20181231,-32865245.43,67260576.55,-29385553.84,31277236.64,-32865245.43,148456584.98,145886537.16,2918374.71,14421255.88,47718545.97,0.0,0.0
SZ300965,恒宇信通,20181231,-6451464.18,15109211.99,-10044275.84,-37205200.0,-6451464.18,225779873.63,37563772.08,88885052.6,0.0,31097598.45,0.0,0.0
SZ300966,共同药业,20181231,-47892813.95,70677875.93,1631822.56,50721063.9,-47892813.95,99470104.98,44051108.41,5124035.84,2324112.8,65113584.57,0.0,0.0
SZ300986,志特新材,20181231,-41516072.86,67696643.58,-85704548.41,101246430.38,-41516072.86,94032709.71,212195184.32,170000.0,7314494.66,23906785.33,0.0,0.0
SZ300992,泰福泵业,20181231,-6824988.18,38255687.07,-51611606.63,-8822362.14,-6824988.18,70307589.38,36638894.32,0.0,0.0,66436877.36,0.0,0.0
SZ301012,扬电科技,20181231,-16642472.2,49888280.88,-17373863.83,3212437.51,-16642472.2,334020024.27,205315629.92,39567252.06,0.0,20426263.89,0.0,0.0
SZ301013,利和兴,20181231,-4745155.52,50360437.12,-75131174.51,17886480.51,-4745155.52,224778034.79,111765502.94,0.0,2113100.46,54898484.6,0.0,147661.25
SZ301025,读客文化,20181231,-21370343.46,51810832.59,110057520.58,0.0,-21370343.46,63043467.08,52750053.92,0.0,1157509.22,214230926.83,0.0,0.0
SZ301026,浩通科技,20181231,-108599704.65,48848425.97,14694967.05,73760483.34,-108599704.65,19147971.11,3343624.63,0.0,1356584.5,21540140.52,0.0,0.0
SZ301027,华蓝集团,20181231,-93554779.77,86847795.44,86952443.9,-67515549.37,-93554779.77,335940537.25,31778333.4,8301822.65,114522647.13,331798725.11,0.0,0.0
SZ301036,双乐股份,20181231,-10995250.14,70200114.02,-16161811.56,33513834.56,-10995250.14,121042448.65,151533297.33,75934670.96,366089.0,13578440.79,0.0,0.0
SZ301046,能辉科技,20181231,-22972352.87,27828734.43,-61611543.98,26041478.83,-22972352.87,169317576.39,158501068.18,17344858.85,1639191.48,29933535.04,0.0,0.0
SZ301048,金鹰重工,20181231,-71441235.59,100415752.6,-116513965.35,75345487.03,-71441235.59,892824751.44,1582957256.8,56437220.0,32644470.58,208585679.25,0.0,0.0
SZ301050,雷电微力,20181231,-42947075.5,-30807449.67,-9708951.43,61498754.71,-42947075.5,66962084.68,57437982.69,32669000.0,1071454.83,21522056.96,0.0,0.0
SZ301052,果麦文化,20181231,-60763544.96,46317238.0,2552453.23,108697690.14,-60763544.96,35495990.95,36659166.46,500615.44,7796977.49,81095816.41,0.0,0.0
SZ301058,中粮工科,20181231,-132337155.78,53609320.71,172708927.72,-46632730.65,-132337155.78,399081113.57,429301800.18,22719394.41,28264673.19,756013476.66,0.0,19107865.93
SZ301099,雅创电子,20181231,-417069530.52,42685289.16,-10373880.04,431204870.48,-417069530.52,349680956.22,179860636.77,19928393.19,0.0,22453935.85,0.0,0.0
SZ301126,达嘉维康,20181231,-12643564.53,77987426.42,-24705782.89,56033957.53,-12643564.53,1169821676.16,456262749.57,97932184.24,0.0,45416161.23,0.0,0.0
SZ301127,天源环保,20181231,-48479418.99,36816626.09,-125906894.41,6886232.49,-48479418.99,103621194.23,70519439.72,0.0,26201555.2,28456868.66,0.0,184241.29
SZ301179,泽宇智能,20181231,-41988507.8,59502923.81,95451473.85,-51975779.58,-41988507.8,71419932.27,71885706.46,50041999.92,9367092.73,23382735.34,0.0,0.0
SZ301199,迈赫股份,20181231,-8964623.7,89006014.21,-27711036.96,-420000.0,-8964623.7,180372320.51,140253282.54,79489138.56,8238976.69,53498256.61,0.0,0.0
SH600000,浦发银行,20181231,-338360000000.0,56515000000.0,257889000000.0,117903000000.0,-338360000000.0,0.0,0.0,0.0,0.0,0.0,0.0,6981000000.0
SH600006,东风汽车,20181231,-632214359.78,548924560.58,-143554661.77,84073590.29,-632214359.78,6288963472.75,4786469398.17,3540237365.22,22868288.11,2554708134.82,0.0,0.0
SH600015,华夏银行,20181231,-100935000000.0,20986000000.0,13670000000.0,42687000000.0,-100935000000.0,0.0,0.0,0.0,0.0,0.0,0.0,0.0
SH600016,民生银行,20181231,-395498000000.0,50330000000.0,281532000000.0,141493000000.0,-395498000000.0,0.0,0.0,0.0,0.0,0.0,0.0,0.0
SH600036,招商银行,20181231,-35721000000.0,80819000000.0,19718000000.0,94333000000.0,-35721000000.0,0.0,0.0,0.0,0.0,0.0,0.0,9954000000.0
SH600058,五矿发展,20181231,-230827815.58,-820634023.15,-49984303.0,341445980.61,-230827815.58,5598729998.36,3634089371.65,2099205607.77,549188145.91,2850949164.95,0.0,0.0
SH600060,海信视像,20181231,-87138040.21,546767307.06,-1495500829.51,2630520017.28,-87138040.21,2587113900.86,4708625132.22,8159253646.24,29580813.45,4043118024.18,0.0,445238886.13
SH600061,国投资本,20181231,-13924838114.9,2025213958.12,-538347992.48,9812098459.63,-13924838114.9,455231201.79,83383310.39,0.0,592707601.71,31459770053.42,0.0,4627956033.73
SH600067,冠城大通,20181231,-779250619.09,871258675.16,-831481875.43,2514846204.75,-779250619.09,580236983.48,1441753292.0,254742902.4,83955556.18,3463790283.69,0.0,23542883.25
SH600070,浙江富润,20181231,-51398448.45,287117797.97,60569623.12,95618593.24,-51398448.45,900077779.77,278549745.42,121553050.57,10688261.74,354631270.26,0.0,793742906.49
SH600071,凤凰光学,20181231,-25549126.76,-8827216.66,-55344468.32,51601578.1,-25549126.76,284199541.66,210941162.8,15238383.21,3741652.28,139753057.21,0.0,4203456.36
SH600072,中船科技,20181231,-333901731.36,20130779.35,289584630.88,-256593895.32,-333901731.36,1387493398.71,831118865.24,65149930.36,61286035.38,1287154504.74,0.0,0.0
SH600083,*ST博信,20181231,-160148695.17,-52447027.86,-803464.0,158259415.0,-160148695.17,87189658.19,9443415.16,0.0,10732831.03,38878700.53,0.0,0.0
SH600084,*ST中葡,20181231,-170900990.16,-158713288.58,-33987614.64,33051645.83,-170900990.16,47454266.94,48041001.77,8320150.0,42703041.22,597679945.05,0.0,0.0
SH600090,*ST济堂,20181231,-710805019.63,564618099.86,-460558373.97,290778281.68,-710805019.63,3592864844.69,554412219.37,42475223.12,823167969.57,408872583.22,0.0,54935579.41
SH600091,*ST明科,20181231,-66362084.09,4066027.96,49183989.47,-1790301.0,-66362084.09,12705179.8,8906817.76,5007574.6,11759296.58,27591237.15,0.0,0.0
SH600099,林海股份,20181231,-19680.26,2647795.91,-2325895.4,0.0,-19680.26,81717346.55,110755645.2,13896250.31,3050009.25,170682162.19,2006303.51,0.0
SH600100,同方股份,20181231,-525453478.46,-3495942911.2,-1966130687.57,2056046703.65,-525453478.46,8146589520.29,7219272583.01,164348594.49,1460840057.15,9487359170.32,954492691.68,151333226.31
SH600105,永鼎股份,20181231,-136165183.03,244817168.89,-465052373.79,341989725.92,-136165183.03,1182184903.65,603803030.29,43522700.82,68275616.88,436536205.24,0.0,309583356.87
SH600111,北方稀土,20181231,-699015643.71,578991426.79,-1414455877.47,132635769.76,-699015643.71,1292666438.29,658771772.67,1698934407.67,0.0,3235878795.92,0.0,20812897.62
SH600112,*ST天成,20181231,-167491181.27,17163622.55,312027061.9,-242784482.29,-167491181.27,146026249.53,218675375.46,3042569.93,0.0,69547533.78,44124063.53,7555525.69
SH600117,西宁特钢,20181231,-236001495.14,-2038114789.96,29072117.28,315410713.83,-236001495.14,404884542.89,3067423243.1,73746116.59,166816543.29,2600642660.69,0.0,0.0
SH600120,浙江东方,20181231,-1115344530.32,778961116.77,194804497.35,602617874.87,-1115344530.32,267826357.37,332501536.05,41432947.3,185037972.22,2661549025.06,0.0,0.0
SH600122,ST宏图,20181231,-5139307211.06,-2079242341.67,303379981.81,-298370948.93,-5139307211.06,1303983784.87,322396363.39,17079851.55,1562861870.45,1522142761.23,0.0,30600185.62
SH600127,金健米业,20181231,-1258495.6,-54307903.18,-123714255.39,164471917.3,-1258495.6,140042420.41,86177667.87,6106850.53,22659557.69,225844858.03,0.0,0.0
SH600133,东湖高新,20181231,-202924368.05,423046479.2,-1154554764.77,909893159.32,-202924368.05,3925137063.08,5780217750.93,8675108.12,478099906.6,2394492204.34,0.0,59559148.75
SH600137,浪莎股份,20181231,-26214879.8,29161776.09,42731050.53,-5833055.28,-26214879.8,73533932.54,95128436.0,5190000.0,6209627.83,332466237.74,0.0,0.0
SH600145,*ST新亿,20181231,-823704.68,9856343.5,9.61,0.0,-823704.68,3398165.86,2705847.07,0.0,0.0,56053.33,0.0,0.0
SH600146,*ST环球,20181231,-408649786.75,-1830564386.98,109901484.48,420449460.01,-408649786.75,301998818.17,355073888.19,0.0,339646316.41,294130852.88,0.0,9119386.84
SH600151,航天机电,20181231,-176484098.33,31924596.78,-1044990234.68,-577500013.03,-176484098.33,1857088858.33,1015576850.11,318526436.11,109452634.07,1015422599.03,44644519.7,362709017.96
SH600152,维科技术,20181231,-17225792.59,56405469.58,69390882.33,-92635503.09,-17225792.59,434085581.32,420907552.03,171296385.84,5202406.3,214913196.58,0.0,0.0
SH600155,华创阳安,20181231,-1496576691.45,157227570.79,225114034.63,2189660429.29,-1496576691.45,148956146.53,72418487.02,110000.0,138989091.63,6233233874.04,0.0,3640479698.73
SH600156,华升股份,20181231,-25475911.16,13774991.35,155771657.61,-20607035.56,-25475911.16,91103992.81,69653600.41,4001520.24,10239521.72,309661700.71,0.0,0.0
SH600159,大龙地产,20181231,-182807465.63,90914590.33,99623401.32,165573452.62,-182807465.63,254821290.57,448825914.19,0.0,6884374.02,686429645.45,0.0,0.0
SH600162,香江控股,20181231,-2941096588.46,406517789.1,-2441547278.33,2788623639.69,-2941096588.46,63739472.64,2449654261.51,0.0,670262020.9,2623822220.75,0.0,0.0
SH600165,新日恒力,20181231,-180306340.5,11572807.74,205011451.26,-47247125.13,-180306340.5,36715630.92,75174513.86,0.0,2446923.25,74667756.95,0.0,0.0
SH600166,福田汽车,20181231,-467636644.9,-3638909795.52,-4625759660.27,6507221491.95,-467636644.9,9246811823.26,10490001794.72,115573640.95,1048305730.59,4642289996.48,806716376.68,14653707.0
SH600185,格力地产,20181231,-1216576403.09,511817762.07,-344572662.64,818505916.62,-1216576403.09,335620397.13,956499178.56,0.0,58412471.53,2060136218.46,0.0,0.0
SH600186,莲花健康,20181231,-24097844.18,-384139266.57,39314200.92,8147807.24,-24097844.18,142778249.29,244332592.06,27484201.76,103504399.22,39428750.57,0.0,0.0
SH600191,*ST华资,20181231,-43051684.89,-116600029.77,51402152.6,-11795205.43,-43051684.89,7224666.92,2915473.89,0.0,22077063.98,42120153.97,0.0,0.0
SH600193,创兴资源,20181231,-18029044.85,28692673.84,3105112.43,-3201415.89,-18029044.85,18761218.56,89391753.48,0.0,5342891.31,43435518.71,0.0,0.0
SH600199,金种子酒,20181231,-184290361.92,102762428.46,-19140459.62,-2557750.02,-184290361.92,118312224.7,274092905.04,158594172.9,59851004.67,795434816.31,0.0,0.0
SH600202,哈空调,20181231,-4269282.13,20839681.02,73718560.91,-193747920.67,-4269282.13,486633432.99,198719697.5,57698691.0,6812756.93,118835534.6,0.0,0.0
SH600203,福日电子,20181231,-280065669.38,29165447.14,-27996355.04,386647816.58,-280065669.38,2715529977.3,2271348745.79,19521458.69,27846533.06,1031406186.7,0.0,559896417.73
SH600208,新湖中宝,20181231,-3778675668.91,2693359300.61,-4068622417.27,6097317804.06,-3778675668.91,841815640.49,2014218064.83,0.0,2839863076.01,16017984803.11,872887475.27,0.0
SH600209,*ST罗顿,20181231,-8332831.92,2068937.77,117889716.64,-8695013.59,-8332831.92,46309481.65,103101924.94,900000.0,117802483.76,135385857.55,0.0,0.0
SH600212,江泉实业,20181231,-10963054.9,-171973788.49,-2382097.26,0.0,-10963054.9,28545901.32,11682363.43,0.0,47886.8,110742026.29,0.0,0.0
SH600213,亚星客车,20181231,-357055714.09,15609497.38,14214900.47,288078997.19,-357055714.09,4081115971.51,842351637.47,50085720.0,43451044.32,456329129.46,0.0,3800310.04
SH600218,全柴动力,20181231,-2981883.38,34415191.15,194135540.17,-19113497.49,-2981883.38,396090208.72,1122240030.31,804734206.25,6471226.89,394918426.32,0.0,0.0
SH600226,ST瀚叶,20181231,-92720333.71,137820374.75,313124750.78,-502178530.91,-176120333.71,230211044.85,115423005.05,19547155.9,418544923.2,469787718.86,41894479.85,1185445800.79
SH600234,科新发展,20181231,-141271098.38,-10394415.56,-8096941.81,163887380.52,-141271098.38,7870984.79,16200668.36,0.0,4275199.57,20412663.11,0.0,0.0
SH600238,海南椰岛,20181231,-314860341.4,40500023.72,471522018.34,-457956394.87,-314860341.4,74927181.45,89131617.14,55300206.0,122925512.03,196064260.28,0.0,0.0
SH600239,*ST云城,20181231,-2242630605.72,454645598.38,-355305229.71,-97434574.84,-2242630605.72,500019727.98,8387305803.63,0.0,3746505904.11,2671332673.25,0.0,345932.12
SH600241,ST时万,20181231,-180459098.23,-199649158.9,73693232.37,-603453245.2,-180459098.23,70392910.56,122343376.72,0.0,131723873.68,354287446.37,0.0,54171807.71
SH600250,南纺股份,20181231,-72348250.76,184779907.02,175793891.63,-135864169.46,-72348250.76,96866114.37,132520735.58,2723738.64,8769470.13,387351098.92,0.0,0.0
SH600251,冠农股份,20181231,-181118077.9,90363047.16,136576523.84,417334674.62,-181118077.9,290739455.25,185161302.47,30967067.33,77985063.07,1067199218.75,0.0,54919149.23
SH600257,大湖股份,20181231,-39317557.01,17004046.77,-61234060.73,74630817.69,-39317557.01,138739411.7,61066956.84,628825.6,38524832.17,253917845.9,0.0,1684069.49
SH600266,城建发展,20181231,-8620767258.38,1352608865.74,44135594.99,5605106882.7,-8620767258.38,76290939.84,8404929693.99,0.0,1976391977.16,9186044130.97,0.0,0.0
SH600275,*ST昌鱼,20181231,-26446618.14,4279293.63,95778900.0,-88486575.34,-26446618.14,4683756.11,5173525.43,0.0,9434387.19,49999450.4,0.0,0.0
SH600281,华阳新材,20181231,-28083480.16,-118371820.48,50219925.04,21499704.23,-28083480.16,37640475.57,118171680.7,21356000.0,7817057.19,165932612.1,0.0,0.0
SH600284,浦东建设,20181231,-23144298.26,461548618.97,83520251.31,221232153.7,-23144298.26,761301675.01,3060268987.58,247725.5,69037154.31,2113584878.85,0.0,0.0
SH600289,ST信通,20181231,-18647443.3,-1474900886.7,-14910195.9,-20050508.33,-18647443.3,500563472.59,291145700.82,0.0,97607399.45,1314235233.83,18068278.97,0.0
SH600291,*ST西水,20181231,-120026746138.89,441205933.44,108121882373.74,2026758101.41,-120026746138.89,0.0,0.0,0.0,0.0,1867770207.04,0.0,854566626.65
SH600301,*ST南化,20181231,-117671685.58,44876618.84,1330393.33,0.0,-117671685.58,26177254.61,12683156.33,29506708.12,616930.92,223158795.42,0.0,0.0
SH600302,标准股份,20181231,-84640594.22,30285426.09,53665014.75,-3844332.58,-84640594.22,303038716.64,202358495.68,26240197.26,30802394.24,312540098.47,20650542.15,0.0
SH600303,曙光股份,20181231,-21011380.94,-131794071.24,298813207.77,-794674663.26,-21011380.94,823434305.6,1140683770.68,193977129.31,31692379.94,1042983075.06,2127358.44,0.0
SH600311,ST荣华,20181231,-31248125.85,-108699739.24,500059025.0,0.0,-31248125.85,5046.03,49192589.73,0.0,2323980.73,469162254.0,0.0,0.0
SH600337,美克家居,20181231,-124560726.5,445323022.52,-635459054.22,1032860811.06,-124560726.5,339417920.99,394754466.26,224019.47,108244875.56,2057810289.49,0.0,62972044.7
SH600340,华夏幸福,20181231,-7427812398.92,11802746018.28,-5016552729.53,-6490338770.01,-7427812398.92,34437662054.65,32938065057.51,0.0,13051142459.31,47281783657.02,0.0,501976523.62
SH600345,长江通信,20181231,-38625694.16,230934077.77,178500230.83,-91946158.95,-38625694.16,70791804.41,43964714.65,858485.0,4649042.81,308541267.52,636737.07,0.0
SH600354,敦煌种业,20181231,-82786226.17,-264737494.88,344902687.87,-398507076.16,-82786226.17,190706386.11,130770603.95,0.0,19868603.03,499159771.64,738856.86,584464.73
SH600356,恒丰纸业,20181231,-91659056.88,64512853.51,-38352905.13,24722948.23,-91659056.88,346451459.88,73564342.53,153041977.51,26345598.11,294302460.04,0.0,0.0
SH600358,国旅联合,20181231,-30902354.88,-65226375.77,3107812.7,-26579483.31,-30902354.88,93511060.35,34480676.8,0.0,277247424.4,84924719.14,0.0,81437050.81
SH600365,ST通葡,20181231,-573225095.85,33163438.65,41750505.63,591611682.46,-573225095.85,186154235.01,31514181.0,0.0,39437275.77,216527012.09,0.0,36147612.22
SH600375,汉马科技,20181231,-394375287.21,61314978.39,-459789502.91,1174317824.38,-394375287.21,2385784156.37,2387365895.82,204476207.34,75653880.47,2616022888.24,205941098.5,0.0
SH600381,青海春天,20181231,-183969887.91,68653902.96,177358263.66,29988887.17,-183969887.91,150441844.44,6253608.04,0.0,2119235.29,310243727.18,0.0,0.0
SH600383,金地集团,20181231,-1828443219.46,12104660214.67,-5211122888.72,21330072518.46,-1828443219.46,103269926.97,13873401656.44,0.0,63658267264.02,44009578483.87,0.0,0.0
SH600385,*ST金泰,20181231,-6111060.21,-10357375.7,-68828.38,0.0,-6111060.21,0.0,923639.99,0.0,883593.75,151391519.45,0.0,0.0
SH600399,抚顺特钢,20181231,-124172658.42,2607308283.68,-57939859.59,318423188.98,-124172658.42,688473695.3,573987636.2,819359869.18,11873207.81,436073468.51,0.0,0.0
SH600400,红豆股份,20181231,-35959439.21,207991342.28,-178572348.34,-271851799.39,-35959439.21,333621470.16,536713376.54,20853029.45,48731612.24,979159918.69,0.0,0.0
SH600405,动力源,20181231,-63844434.9,-278075286.68,-145485582.92,22470586.27,-63844434.9,761632342.25,509222810.21,55762167.9,27694628.31,140181716.62,100382830.5,0.0
SH600418,江淮汽车,20181231,-3453792693.06,-1420619888.8,-3746165827.39,3892889256.87,-3453792693.06,4148554636.16,10051876763.56,458789146.23,6372811669.19,9356041807.65,1027456279.61,0.0
SH600421,华嵘控股,20181231,-54324.75,-11104280.37,-17503.0,2650000.0,-54324.75,589549.4,393521.0,1422738.36,1080343.27,4971868.64,0.0,0.0
SH600439,瑞贝卡,20181231,-106477782.76,233464594.05,-12816661.02,107134051.63,-106477782.76,161582638.75,26971823.42,14406150.0,35578910.55,345097950.94,0.0,15042431.27
SH600448,华纺股份,20181231,-21667476.13,20971446.56,-75426977.58,79888322.69,-21667476.13,300723009.69,510813040.93,0.0,37205308.95,917535976.92,0.0,0.0
SH600463,空港股份,20181231,-296350598.26,9719207.82,-126481475.24,357458742.87,-296350598.26,70806741.11,416272607.06,4812698.09,99865450.43,284348058.19,0.0,0.0
SH600475,华光环能,20181231,-334479068.31,490480631.69,-427752831.89,858444162.71,-334479068.31,2835494998.25,2307309011.4,236219762.44,141733291.11,1720464182.78,0.0,22972666.13
SH600476,湘邮科技,20181231,-4609013.93,1618874.94,-968647.19,40791656.92,-4609013.93,180506494.81,46295102.6,835440.0,43374465.5,98732359.24,0.0,0.0
SH600478,科力远,20181231,-50716975.12,5316682.45,-373296803.76,-99580750.43,-50716975.12,553166398.83,304412031.61,19355881.67,120121558.62,1080230980.34,538786971.37,0.0
SH600482,中国动力,20181231,-1177789013.13,1559489813.26,-3365697416.46,2880019163.0,-1177789013.13,14153214672.72,6579617504.67,2770711735.85,444937225.65,13939729772.83,92937697.09,0.0
SH600491,龙元建设,20181231,-1097988997.81,942920024.05,-4399623136.97,7698578871.37,-1097988997.81,10152356724.85,16591566076.68,52157250.18,2705000715.16,4185584874.14,0.0,55130980.56
SH600496,精工钢构,20181231,-234259901.0,181154462.12,-225093421.04,480030336.12,-234259901.0,1634993668.74,2801340460.18,132434572.82,396200347.53,1857032359.5,0.0,315312029.9
SH600502,安徽建工,20181231,-2060324110.55,819834466.45,-176958996.74,2550849958.17,-2060324110.55,17556582284.58,21097620172.23,382105813.59,2513319817.43,8532753553.63,0.0,685109.49
SH600513,联环药业,20181231,-92000172.3,74169786.93,-49259072.11,789282.96,-92000172.3,240704463.21,105435765.66,57929842.61,59384193.31,298163174.15,10921693.74,0.0
SH600526,菲达环保,20181231,-30793521.12,-427060997.22,-89949758.77,264365505.46,-30793521.12,1165027134.32,1257825836.96,375877917.17,249740975.79,1039598147.05,0.0,48277636.88
SH600527,江南高纤,20181231,-26490082.62,88417327.3,-44039339.17,-144711202.82,-26490082.62,17981309.09,33993305.05,139075216.53,0.0,1006840629.41,0.0,1504296.51
SH600532,未来股份,20181231,-743733337.76,11176866.38,66172041.53,-74282862.58,-743733337.76,544100660.52,120675302.1,23000000.0,17805130.86,137979760.02,0.0,0.0
SH600538,国发股份,20181231,-33751596.02,-21611113.91,-47540903.09,14700000.0,-33751596.02,161023265.02,63008415.82,7808176.06,8842545.28,114219173.04,0.0,0.0
SH600545,卓郎智能,20181231,-1042763000.0,857050000.0,2304714000.0,-484060000.0,-1042763000.0,3234982000.0,1447131000.0,113322000.0,245175000.0,3720401000.0,90417000.0,615137000.0
SH600555,*ST海创,20181231,-114668411.92,-191886569.97,250354782.47,-387894964.83,-114668411.92,633090.08,62404405.23,0.0,164693310.04,247831339.03,0.0,0.0
SH600556,天下秀,20181231,-31286246.36,-38499134.64,-627915.67,0.0,-31286246.36,28207439.3,15034409.73,0.0,8792084.59,53727152.18,0.0,0.0
SH600568,ST中珠,20181231,-267764040.88,-1914924459.84,-518804495.98,-166886951.68,-267764040.88,274998931.32,110437448.85,3790797.29,1060452868.67,1028023039.31,22189141.96,211647106.2
SH600576,祥源文化,20181231,-216423482.61,12728521.46,-43587610.21,-68400290.9,-216423482.61,387134028.35,38779582.88,0.0,37465625.95,324706192.78,314673.24,854275249.91
SH600599,ST熊猫,20181231,-193960528.4,-61354487.58,3025750.44,-125782883.3,-193960528.4,79339577.22,66801058.21,0.0,100815654.73,89509173.7,0.0,0.0
SH600604,市北高新,20181231,-3991997594.01,269171259.55,66412144.29,3511040823.67,-3991997594.01,65928650.44,410231281.59,0.0,137414906.8,1749833273.06,0.0,0.0
SH600608,ST沪科,20181231,-23119168.09,-2603914.44,0.0,-1827000.0,-23119168.09,33747598.7,0.0,5000000.0,437258.86,49261227.42,0.0,0.0
SH600610,中毅达,20181231,-7404421.46,-497757777.69,5294398.44,1299307.22,-7404421.46,0.0,0.0,0.0,9000000.0,8543580.18,0.0,0.0
SH600612,老凤祥,20181231,-370631144.1,1563786320.5,-9753895.17,766614600.0,-370631144.1,443467901.52,628573081.35,344100000.0,31852887.77,4749891572.52,0.0,0.0
SH600620,天宸股份,20181231,-9863085.84,65037135.33,-188540827.96,171652107.72,-9863085.84,365517.28,8446339.49,0.0,1015700.86,234003495.17,0.0,0.0
SH600621,华鑫股份,20181231,-1432097934.96,-23407309.93,-98041718.54,-112925213.86,-1432097934.96,66493281.64,32106662.37,0.0,33355412.91,5453202324.74,0.0,58467033.18
SH600630,龙头股份,20181231,-34821991.32,38766293.5,-74423889.64,76574536.7,-34821991.32,355794032.92,209351854.44,5037417.43,157641707.82,436981082.62,0.0,0.0
SH600636,国新文化,20181231,-22365998.44,544765973.12,542396138.56,-743930550.59,-22365998.44,180089205.65,69385797.21,16900864.61,7228154.3,906390410.22,0.0,1453777815.14
SH600638,新黄浦,20181231,-621713262.89,584798800.89,287755445.17,-621888620.95,-621713262.89,13411829.12,158432468.93,965274900.0,96862102.43,1565079012.26,0.0,32009686.08
SH600639,浦东金桥,20181231,-475242269.25,973867869.33,-106991601.96,556104879.16,-475242269.25,203492979.5,1415692681.32,0.0,12854475.29,788999384.54,0.0,0.0
SH600647,同达创业,20181231,-5728125.48,-59875042.98,-13951898.97,-6957177.5,-5728125.48,1305590.01,1048190.32,0.0,1004793.35,177245462.34,0.0,0.0
SH600652,*ST游久,20181231,-64103272.23,-905216337.13,162336000.69,-141705796.87,-64103272.23,48496457.51,19129337.75,0.0,17873947.13,59645648.12,0.0,0.0
SH600658,电子城,20181231,-3835243083.28,396644332.79,-234244200.77,1972870828.71,-3835243083.28,42868667.65,439055752.94,2435005.78,422729025.03,3888117210.43,0.0,0.0
SH600666,ST瑞德,20181231,-9134896.01,-1742362627.03,-24558235.65,21931429.98,-9134896.01,848264284.63,555608349.67,104099104.75,15567300.21,42852002.4,68383523.47,490777613.75
SH600679,上海凤凰,20181231,-25751928.49,12964454.07,-111472325.42,-38950118.53,-25751928.49,206844245.95,87963945.09,450000.0,37980263.58,160212651.68,0.0,384836183.44
SH600685,中船防务,20181231,-1544910134.23,-2474150150.26,-1792361694.28,180100901.84,-1544910134.23,2562295160.42,7958832249.26,130810712.06,279178532.75,10337887158.5,0.0,144231195.67
SH600692,亚通股份,20181231,-291464389.95,51749621.72,10262762.35,164072563.58,-291464389.95,119805864.1,26792183.91,20545265.78,46824846.39,143333774.11,0.0,19641012.81
SH600693,东百集团,20181231,-158260113.54,276338785.31,-753478060.03,644884580.49,-158260113.54,72758550.58,1079566043.24,0.0,506754745.11,588155910.7,0.0,4887500.0
SH600695,*ST绿庭,20181231,-2560422.5,65205580.87,77412125.17,-146994371.59,-2560422.5,772629.81,1218439.96,0.0,49664208.49,93277191.04,0.0,0.0
SH600698,湖南天雁,20181231,-11960453.95,-88940788.19,-13386686.9,1992759.07,-11960453.95,158564457.7,115005283.22,209205702.3,1288435.14,358176820.69,13854465.87,0.0
SH600705,中航产融,20181231,-38971558165.46,3939061934.04,-17343225089.51,51621664854.42,-38971558165.46,463708731.32,598789334.21,21140179.21,270178229.12,83977924262.08,0.0,10063869.72
SH600708,光明地产,20181231,-8734303406.82,1371400320.08,-2879462134.36,14382211457.89,-8734303406.82,2146191635.71,8077764321.03,3000000.0,9656458888.65,10454703741.33,0.0,2270587.52
SH600712,南宁百货,20181231,-56475489.13,-44864886.54,-2984697.29,32635929.04,-56475489.13,5118620.38,315769837.54,0.0,46136950.01,334755106.3,0.0,0.0
SH600713,南京医药,20181231,-366901541.1,345831988.76,-218453907.08,1483116707.88,-366901541.1,8421306206.91,4102095207.8,2897154967.03,358570141.7,2265007743.52,0.0,13525256.53
SH600714,金瑞矿业,20181231,-42487423.74,22738117.94,-44141020.21,0.0,-42487423.74,10935112.47,11412771.05,9075572.74,714846.27,346122176.19,0.0,0.0
SH600715,文投控股,20181231,-661469790.23,-696578964.65,101327554.47,-35575936.32,-661469790.23,388483659.8,312344256.96,0.0,127510317.08,1054730287.52,0.0,3630730868.47
SH600719,大连热电,20181231,-86121951.74,2706870.2,-269304842.53,355550234.48,-86121951.74,65227040.36,208042842.99,0.0,5391173.41,197098250.72,0.0,0.0
SH600725,云维股份,20181231,-41793350.02,13007741.54,64414422.36,1501781.44,-41793350.02,93054252.37,1315749.69,5900000.0,43109365.58,78941519.79,0.0,0.0
SH600733,北汽蓝谷,20181231,-3554230208.85,144264010.47,-2321790923.77,5678742770.98,-3554230208.85,17249757585.97,8589978759.44,6579760709.91,171569717.9,6119028024.95,1356271679.81,0.0
SH600734,*ST实达,20181231,-274146508.21,-267155730.38,5644682.18,-507649527.34,-246111066.37,3373979906.93,2145733057.44,112193052.92,71645789.43,299366263.53,0.0,1028261563.32
SH600736,苏州高新,20181231,-4496004643.2,1074725381.44,711159595.48,4032601108.59,-4496004643.2,414377720.33,3927339587.34,10982940.81,7488416920.5,2386564249.55,0.0,161371560.42
SH600743,华远地产,20181231,-3101588927.89,734963764.9,-369121721.89,5909296077.95,-3101588927.89,247149985.66,2335069405.23,0.0,2235398858.64,10075613863.36,0.0,41593308.69
SH600746,江苏索普,20181231,-21884590.05,3583215.9,-88133969.73,-36770698.8,-21884590.05,3486572.19,38768999.1,49023475.91,163565.53,75645824.37,0.0,0.0
SH600753,东方银星,20181231,-98254462.91,20565709.37,-68590.72,980000.0,-98254462.91,37983856.81,15835199.99,30000001.0,491885.38,95180525.14,0.0,0.0
SH600764,中国海防,20181231,-146582790.09,67493175.35,-137672583.22,-61325473.04,-146582790.09,429752987.92,141891083.76,11345228.0,12079074.66,471310150.42,0.0,0.0
SH600767,运盛医疗,20181231,-40019356.31,17171589.92,-47269683.36,-27675124.86,-40019356.31,108817352.65,51780304.33,0.0,7253173.1,81559300.28,0.0,39220072.68
SH600768,宁波富邦,20181231,-30276742.57,-31069713.17,146556544.4,-42039079.38,-30276742.57,22951490.56,5215441.79,38958593.58,765336.32,218111079.47,0.0,0.0
SH600771,广誉远,20181231,-297970259.63,394051802.67,81215180.87,60984694.87,-297970259.63,1338389801.06,0.0,243755527.28,67224958.25,125175826.27,2369942.92,0.0
SH600773,西藏城投,20181231,-1030020408.75,97698800.66,-441838062.76,-116465185.76,-1030020408.75,169674016.76,921801887.89,0.0,408999587.62,366570006.59,0.0,0.0
SH600776,东方通信,20181231,-34007300.73,130328808.67,120918572.51,-77509298.4,-34007300.73,808998796.0,300758757.32,153342977.45,34057752.64,1060642541.71,7116873.98,12690843.48
SH600783,鲁信创投,20181231,-131602947.35,189294309.19,378794.26,-111872295.99,-131602947.35,53188795.35,28127769.01,5921795.23,11171505.43,446219819.53,0.0,0.0
SH600791,京能置业,20181231,-460834411.99,37537071.3,364123945.3,83546288.86,-460834411.99,1908324.91,321038295.2,0.0,15909256.45,576835874.51,0.0,0.0
SH600794,保税科技,20181231,-14602593.3,45228755.85,-55412589.82,-271578503.54,-14602593.3,26029585.73,19550340.94,12001732.62,562749168.93,296444987.42,0.0,27526316.05
SH600800,渤海化学,20181231,-43186005.36,71773792.83,170400629.44,9474553.09,-43186005.36,129961413.7,91074854.5,0.0,2831387.94,180904010.23,0.0,0.0
SH600816,ST安信,20181231,-2534048351.03,-1833903571.58,399384957.74,-234775919.62,-2534048351.03,0.0,0.0,0.0,0.0,0.0,0.0,0.0
SH600817,宇通重工,20181231,-22717926.39,6275858.73,0.0,0.0,-22717926.39,39937631.63,11749784.03,0.0,47881.53,33216640.33,0.0,0.0
SH600821,金开新能,20181231,-4841454.51,-274287438.61,-1508911.72,-12815927.41,-4841454.51,0.0,135242282.42,0.0,4369910.72,102009988.33,0.0,0.0
SH600822,上海物贸,20181231,-157748125.22,51049414.3,7904589.09,-75809868.12,-157748125.22,102863476.5,15757487.44,14033561.44,70115170.4,302299526.98,0.0,0.0
SH600826,兰生股份,20181231,-41109093.53,241743396.78,158912661.58,-99690660.19,-41109093.53,143801695.5,197841735.41,165000.0,76730357.94,299282823.28,0.0,0.0
SH600837,海通证券,20181231,-5015557534.07,5770708488.48,-6771225905.14,7612853853.56,-5015557534.07,0.0,0.0,0.0,0.0,100842455792.9,0.0,4046190104.43
SH600838,上海九百,20181231,-11727323.0,98592172.26,122295743.05,-49448058.87,-11727323.0,18306757.48,8978776.96,0.0,771473.23,310235710.03,0.0,1.0
SH600848,上海临港,20181231,-1498716473.36,427678572.73,-620947640.02,2706728689.45,-1498716473.36,442212316.08,861089805.51,0.0,67709054.39,2423840714.28,0.0,0.0
SH600853,龙建股份,20181231,-985675004.8,147580556.67,-202380151.43,1460676332.97,-985675004.8,2916704016.72,4817143460.85,0.0,652838336.75,1854586588.13,0.0,1546626.02
SH600854,春兰股份,20181231,-121129840.83,15885572.69,85969113.71,-26544921.73,-121129840.83,27492775.72,123968099.46,54557653.33,2183382.62,498355098.52,0.0,0.0
SH600862,中航高科,20181231,-688399154.35,361177669.19,-140152848.23,445778007.59,-688399154.35,900680598.79,1618066224.31,241196130.9,74456016.42,921595038.64,53892010.75,0.0
SH600871,石化油服,20181231,-2939789000.0,142056000.0,-1174471000.0,3618785000.0,-2939789000.0,15630004000.0,23261762000.0,481196000.0,1712387000.0,2203441000.0,0.0,0.0
SH600875,东方电气,20181231,-551780305.01,1158265690.85,-425086996.58,-1253630591.83,-551780305.01,6555217018.91,11540188158.94,5109357725.63,231218985.44,29346448438.05,0.0,0.0
SH600876,洛阳玻璃,20181231,-80220923.17,23186240.57,-313529004.6,355367247.4,-80220923.17,492277446.7,678096403.19,272696870.01,46186737.52,276132689.62,15075276.42,0.0
SH600877,声光电科,20181231,-84971923.05,-197413782.86,88370301.74,-355590490.02,-84971923.05,80761132.63,127425179.79,5416114.5,8569217.1,117553837.52,0.0,0.0
SH600879,航天电子,20181231,-103389511.91,498662354.18,-651836847.92,1340779026.5,-103389511.91,6127345257.36,3980233161.18,1659256533.07,177440315.23,1644639388.07,10214073.38,0.0
SH600880,博瑞传播,20181231,-72975306.26,-843492946.12,200767636.19,-43227564.42,-72975306.26,92011397.96,41442640.06,105000.0,268715584.31,705696092.59,0.0,239172366.71
SH600883,博闻科技,20181231,-24698117.06,10750660.12,-141680329.65,-8576124.16,-24698117.06,1101839.53,866175.19,0.0,83655.22,251029902.93,0.0,0.0
SH600889,南京化纤,20181231,-96476181.31,6559253.51,313207463.16,369737172.79,-96476181.31,27137811.22,115963256.48,63563611.17,6226704.42,68076863.46,0.0,0.0
SH600890,*ST中房,20181231,-43638861.24,-42022489.22,-39594101.87,0.0,-43638861.24,0.0,3570907.01,0.0,7097350.42,147979019.56,0.0,0.0
SH600892,大晟文化,20181231,-33230499.31,-1127791765.6,-3346433.27,-83216847.23,-33230499.31,118740268.28,23920847.52,0.0,54320072.5,186640633.0,0.0,386805682.35
SH600896,*ST海医,20181231,-70705485.86,117880962.13,1838598956.84,-1789085756.87,-70705485.86,6695251.87,91044978.62,0.0,27657135.91,26615295.45,0.0,0.0
SH600898,ST美讯,20181231,-389910333.0,-597191828.15,-223221914.52,461072669.34,-389910333.0,1030228456.57,596748404.87,21808892.54,90192352.18,270847279.41,19297733.36,442038159.67
SH600901,江苏租赁,20181231,-7491083832.09,1251034775.23,70927006.96,7564831258.87,-7491083832.09,0.0,0.0,0.0,0.0,0.0,0.0,0.0
SH600906,财达证券,20181231,-3516121218.03,73674902.46,-55919857.06,3352439577.03,-3516121218.03,0.0,0.0,0.0,0.0,6601369172.07,0.0,17910191.63
SH600908,无锡银行,20181231,-3956915000.0,1075753000.0,-3519051000.0,9343674000.0,-3956915000.0,0.0,0.0,0.0,0.0,0.0,0.0,0.0
SH600916,中国黄金,20181231,-24853699.96,368518724.51,-56251137.79,-70507754.67,-24853699.96,1095850973.09,117977931.53,0.0,0.0,2623535783.37,0.0,0.0
SH600919,江苏银行,20181231,-92048408000.0,13262508000.0,-6813997000.0,83953493000.0,-92048408000.0,0.0,0.0,0.0,0.0,0.0,0.0,0.0
SH600927,永安期货,20181231,-1091342393.69,872197337.15,52236579.19,-39435516.46,-1091342393.69,0.0,0.0,0.0,0.0,0.0,0.0,0.0
SH600928,西安银行,20181231,-17747006000.0,2365168000.0,-2190080000.0,8459833000.0,-17747006000.0,0.0,0.0,0.0,0.0,0.0,0.0,0.0
SH600960,渤海汽车,20181231,-66265282.52,124209326.34,-863280686.82,1422503794.45,-66265282.52,1063294442.24,755686407.64,492779158.45,6099259.54,2034085379.66,0.0,7432152.86
SH600962,国投中鲁,20181231,-23142146.52,10189808.04,-142657462.83,-31436351.94,-23142146.52,248129400.88,64105269.32,0.0,31192827.61,53682982.25,0.0,72838048.53
SH600970,中材国际,20181231,-1619612793.5,1403313583.8,-1226111513.32,-125346054.61,-1619612793.5,3165706203.64,6434875883.83,901585712.35,675112369.56,7104476249.86,0.0,943661417.39
SH600973,宝胜股份,20181231,-831229312.99,146688689.61,-629386837.03,2712290627.78,-831229312.99,4353779156.14,728854215.3,1281470743.01,368634351.3,3186616491.0,3058427.4,83015298.04
SH600975,新五丰,20181231,-51163217.45,-37405504.86,250826746.8,-142055480.28,-51163217.45,35407144.81,73027899.64,0.0,7354027.39,330184141.04,0.0,0.0
SH600983,惠而浦,20181231,-30225312.51,261839479.47,-334253199.28,8343883.18,-30225312.51,1521159349.9,1667624024.2,193356496.75,48577630.67,2530356157.13,0.0,0.0
SH601008,连云港,20181231,-594480869.53,18548008.2,237683997.53,-34679333.98,-594480869.53,266192763.58,78658829.68,208729107.57,3771015.27,1666253091.11,0.0,0.0
SH601028,玉龙股份,20181231,-89225970.58,9180475.28,-330960828.19,0.0,-89225970.58,247872392.47,267004257.95,6880337.21,9946044.76,1500924426.1,0.0,635016690.79
SH601038,一拖股份,20181231,-384397747.85,-1364972156.27,-546269548.64,-734842075.84,-384397747.85,405771306.07,1194829925.57,523719132.77,48032116.86,1549845341.18,0.0,0.0
SH601077,渝农商行,20181231,-81223277000.0,9164037000.0,18823124000.0,48357412000.0,-81223277000.0,0.0,0.0,0.0,0.0,0.0,0.0,0.0
SH601166,兴业银行,20181231,-356099000000.0,61245000000.0,422390000000.0,10436000000.0,-356099000000.0,0.0,0.0,0.0,0.0,0.0,0.0,532000000.0
SH601179,中国西电,20181231,-655348765.1,538800521.9,519549007.54,-179009349.4,-655348765.1,8563113936.76,4181646380.46,1035947766.99,416084132.71,7470780257.28,189014091.79,0.0
SH601187,厦门银行,20181231,-36168798755.98,1415319581.36,18734694058.27,23369121341.51,-36168798755.98,0.0,0.0,0.0,0.0,0.0,0.0,0.0
SH601198,东兴证券,20181231,-959262374.86,1008384426.96,-439554813.47,1316286915.55,-959262374.86,0.0,0.0,0.0,0.0,8513555499.22,0.0,20000000.0
SH601229,上海银行,20181231,-21732994000.0,18067835000.0,12905675000.0,8641395000.0,-21732994000.0,0.0,0.0,0.0,0.0,0.0,0.0,0.0
SH601231,环旭电子,20181231,-218879839.03,1179967596.16,-308665332.22,38502238.47,-218879839.03,7588117718.24,8093311711.72,61706494.62,83021273.0,4610754896.85,0.0,0.0
SH601236,红塔证券,20181231,-7809933957.49,391994948.91,-5551415.75,6545510800.0,-7809933957.49,0.0,0.0,0.0,0.0,3308938635.52,0.0,0.0
SH601238,广汽集团,20181231,-1268116293.0,10946324271.0,-5581205295.0,-2474409953.0,-1268116293.0,2158534878.0,11438369559.0,4756831774.0,996249576.0,41908206320.0,3780217706.0,104504775.0
SH601258,庞大集团,20181231,-12231901289.0,-6172406961.0,3166117627.0,-4094658399.0,-12231901289.0,878884465.0,1066202198.0,2332961.0,3322674944.0,6794042026.0,0.0,377593387.0
SH601319,中国人保,20181231,-16803000000.0,19499000000.0,-14607000000.0,20064000000.0,-16803000000.0,0.0,0.0,0.0,0.0,38681000000.0,0.0,0.0
SH601330,绿色动力,20181231,-222716654.6,272801909.9,-1412356976.57,1600328127.89,-222716654.6,231720897.81,900854708.97,16329816.0,67214562.04,710736003.72,0.0,43910821.67
SH601339,百隆东方,20181231,-559618662.05,437525800.72,-374061777.99,791921626.39,-559618662.05,415476327.74,380773794.01,56764191.93,18831781.58,1154109150.5,0.0,0.0
SH601456,国联证券,20181231,-275789000.0,50588000.0,-216825000.0,-490233000.0,-275789000.0,0.0,0.0,0.0,0.0,5408625000.0,0.0,0.0
SH601519,大智慧,20181231,-378012304.39,108313995.3,578049158.9,-80032987.5,-378012304.39,76933024.0,145549626.31,0.0,14441089.76,1110116758.78,0.0,295343445.41
SH601528,瑞丰银行,20181231,-4209771750.95,977866829.31,3197752330.76,316511304.52,-4209771750.95,0.0,0.0,0.0,0.0,0.0,0.0,0.0
SH601577,长沙银行,20181231,-38262213000.0,4577713000.0,-13365988000.0,41621257000.0,-38262213000.0,0.0,0.0,0.0,0.0,0.0,0.0,0.0
SH601606,长城军工,20181231,-80190218.86,97541435.19,-48592266.95,335728241.14,-80190218.86,750579010.52,380556281.1,100343252.62,23684254.3,716269518.38,0.0,0.0
SH601788,光大证券,20181231,-18313979447.59,243847428.42,4584161109.8,6436833495.91,-18313979447.59,0.0,0.0,0.0,0.0,40203764691.76,0.0,1257045864.96
SH601798,蓝科高新,20181231,-24454530.81,55535345.01,242795327.91,-188465784.18,-24454530.81,732719359.9,261459889.36,187102495.61,26733948.03,476655221.61,0.0,0.0
SH601825,沪农商行,20181231,-5293186000.0,7124708000.0,6657081000.0,2297665000.0,-5293186000.0,0.0,0.0,0.0,0.0,0.0,0.0,0.0
SH601838,成都银行,20181231,-11900081000.0,4653526000.0,-47171155000.0,35758001000.0,-11900081000.0,0.0,0.0,0.0,0.0,0.0,0.0,0.0
SH601878,浙商证券,20181231,-1827851564.32,736957357.88,-89464880.64,3065964344.66,-1827851564.32,0.0,0.0,0.0,0.0,13986108599.0,0.0,19845342.58
SH601901,方正证券,20181231,-6389566460.98,680328744.88,-153272270.21,3714328574.69,-6389566460.98,0.0,0.0,0.0,0.0,27453568840.05,0.0,4523034174.49
SH601916,浙商银行,20181231,-140315543000.0,11560337000.0,75300968000.0,43750142000.0,-140315543000.0,0.0,0.0,0.0,0.0,0.0,0.0,0.0
SH601963,重庆银行,20181231,-34163311000.0,3822095000.0,24306956000.0,3246425000.0,-34163311000.0,0.0,0.0,0.0,0.0,0.0,0.0,0.0
SH601992,金隅集团,20181231,-5042633652.16,4281425234.82,-8383929591.33,14079944375.83,-5042633652.16,7440085450.85,18357615866.65,11225781814.5,9887245900.67,18774468260.66,0.0,2740287649.8
SH601997,贵阳银行,20181231,-37975484000.0,5228677000.0,8661484000.0,21264359000.0,-37975484000.0,0.0,0.0,0.0,0.0,0.0,0.0,0.0
SH601999,出版传媒,20181231,-96664109.74,177661627.86,-46706279.72,-21379376.69,-96664109.74,358445974.03,665084841.76,27141614.99,79098206.5,249202110.92,0.0,0.0
SH603008,喜临门,20181231,-139410326.73,-423806187.0,1028666.62,83344630.83,-139410326.73,1179337139.5,1071359983.5,47630235.58,170278152.84,657957844.62,0.0,540677018.12
SH603011,合锻智能,20181231,-31128541.86,51324996.74,154025653.84,16190866.71,-31128541.86,424910910.18,133340334.91,22782324.8,17240274.77,187029830.88,0.0,517003378.16
SH603020,爱普股份,20181231,-36564953.65,128318503.85,-52991633.04,-34732355.7,-36564953.65,440747034.29,149637954.23,7046851.02,6209646.94,799742601.76,0.0,95410163.85
SH603028,赛福天,20181231,-20698258.73,16911306.44,-7586466.73,26677962.37,-20698258.73,113908165.57,22485595.73,16077625.65,1138996.4,143097411.43,0.0,0.0
SH603029,天鹅股份,20181231,-24164192.81,24822137.23,18273064.11,-9610906.17,-24164192.81,253278539.76,122583362.81,60443115.0,9811395.61,132942415.55,0.0,127662244.44
SH603032,*ST德新,20181231,-11840581.26,258659680.73,36358523.02,-8184023.72,-11840581.26,6750360.32,18529835.09,0.0,614191.38,99535992.1,0.0,220622.54
SH603042,华脉科技,20181231,-53324953.04,-106131866.27,-431489874.97,467214222.94,-53324953.04,855187948.16,585634855.4,13584273.97,36940850.77,221909722.42,0.0,116344649.21
SH603083,剑桥科技,20181231,-167179238.45,76777514.95,-416109903.84,188980816.97,-167179238.45,835514299.89,1005700158.56,7248422.1,48821858.65,183789987.01,71994248.11,0.0
SH603085,天成自控,20181231,-62546467.36,36545959.96,-467233701.98,513350581.51,-62546467.36,302644731.95,402337236.36,73400512.45,0.0,109579037.01,6217030.01,457614425.04
SH603093,南华期货,20181231,-1540671193.08,123636476.81,1613558296.92,216376107.89,-1540671193.08,0.0,0.0,0.0,0.0,0.0,0.0,5213347.75
SH603096,新经典,20181231,-17205526.21,246106501.78,314416804.66,-42789280.0,-17205526.21,137792313.34,83428499.74,0.0,7642953.22,499280910.85,0.0,61545653.38
SH603105,芯能科技,20181231,-120001066.84,66162719.41,-671003018.21,799889447.97,-120001066.84,168341980.67,206792075.22,27463332.68,24759669.22,307787252.47,0.0,0.0
SH603111,康尼机电,20181231,-330332811.84,-3189384959.44,-1000300646.8,1023580844.91,-330332811.84,1532008161.75,1224764905.67,490287097.63,267392759.73,829584913.64,0.0,0.0
SH603117,万林物流,20181231,-672457970.53,130156620.27,-81067300.33,653247226.51,-672457970.53,294983439.61,94696715.72,314637612.52,2980166614.43,363715538.22,0.0,87651605.19
SH603169,兰石重装,20181231,-416930511.35,-1484256325.96,-139723010.74,344270447.13,-416930511.35,2341153213.5,1569099675.23,351440376.16,29530654.13,1494326907.77,0.0,261808961.83
SH603177,德创环保,20181231,-36798831.11,12857830.57,-50860930.01,100352558.33,-36798831.11,456851783.87,410093721.15,104224077.08,30566085.41,205181865.73,0.0,0.0
SH603185,上机数控,20181231,-3886241.9,200811445.9,-11959373.19,852330023.25,-3886241.9,301014983.61,82425275.91,36382780.6,773932.64,937453229.08,0.0,0.0
SH603196,日播时尚,20181231,-24796854.51,28251415.74,-66663323.04,62824949.39,-24796854.51,86838483.69,164490401.62,0.0,69596085.67,103074403.09,0.0,0.0
SH603200,上海洗霸,20181231,-15780529.26,80374140.15,136119287.39,-22377691.36,-15780529.26,224664543.37,60362394.11,56877702.07,18335909.52,398551122.65,0.0,6019213.94
SH603223,恒通股份,20181231,-12428551.59,62351151.5,-339770037.87,303754495.61,-12428551.59,184176609.98,121162446.05,137914767.18,22045841.76,171710948.47,9903261.52,0.0
SH603232,格尔软件,20181231,-1802035.25,71926180.98,-353432.12,-23940000.0,-1802035.25,194933839.78,23972251.47,5301964.0,11898525.96,57024030.33,0.0,0.0
SH603269,海鸥股份,20181231,-7490824.44,33562793.26,73288644.26,13758809.46,-7490824.44,406388366.2,163372092.0,26229592.39,22696141.97,292512991.88,0.0,10364545.38
SH603283,赛腾股份,20181231,-69622355.84,121267586.93,-348010531.49,139956538.89,-69622355.84,329575518.13,138922843.28,12393036.12,7028069.62,221026458.45,0.0,53042098.77
SH603315,福鞍股份,20181231,-54468133.35,8628546.49,-33022591.5,6700562.74,-54468133.35,335564896.12,60558957.39,49607531.8,0.0,152567901.45,0.0,0.0
SH603316,诚邦股份,20181231,-50527426.71,56103864.72,-160784105.93,208317179.09,-50527426.71,361236899.42,380205616.44,4791730.28,24839595.35,113768468.99,0.0,30032784.96
SH603318,水发燃气,20181231,-68934670.23,4382002.52,-339764604.27,252762759.05,-68934670.23,339382270.4,305833468.28,12354375.3,20076184.43,315300601.62,0.0,75207085.69
SH603329,上海雅仕,20181231,-122352784.41,42957816.26,-146027208.6,-33666016.33,-122352784.41,164714653.05,251554554.91,137380119.09,56694283.55,323347515.16,0.0,0.0
SH603333,尚纬股份,20181231,-216255537.5,57976762.53,-36877080.73,218943136.33,-216255537.5,1004256659.17,151352628.46,109523859.0,29263414.14,138813601.59,0.0,0.0
SH603336,宏辉果蔬,20181231,-63302292.98,64169890.13,25861238.26,101439174.99,-63302292.98,226583778.44,21970892.1,0.0,5027229.03,140221310.2,0.0,460530.39
SH603337,杰克股份,20181231,-20825293.14,455331589.0,-11782443.51,90121753.72,-20825293.14,455697869.26,726000548.03,28609145.17,34727022.56,181752084.87,0.0,107496182.66
SH603356,华菱精工,20181231,-49328004.78,61202818.87,-98493674.66,279391747.7,-49328004.78,374999705.31,165613495.34,8624690.15,5190594.04,154969643.09,0.0,0.0
SH603359,东珠生态,20181231,-70412508.29,325293139.26,76499468.89,-145481102.33,-70412508.29,620833902.7,1769734252.67,15483255.87,170691679.22,1227243866.28,0.0,0.0
SH603366,日出东方,20181231,-30880859.44,-504777927.25,80646808.56,-190287121.65,-30880859.44,171505650.5,541018717.82,67247443.04,52844810.17,193927766.06,0.0,256579365.93
SH603377,东方时尚,20181231,-254241541.36,226581160.44,-387799938.91,301075369.14,-254241541.36,84222.48,225644985.95,0.0,193043500.79,359031531.4,0.0,102744046.31
SH603385,惠达卫浴,20181231,-58236694.53,259190342.39,113457756.13,-130941990.32,-58236694.53,588839336.21,444155896.2,246477688.45,7066511.47,190082868.92,0.0,0.0
SH603389,亚振家居,20181231,-79395933.55,-93959228.12,-39660661.4,-17562530.0,-79395933.55,27013112.42,64456714.15,70000.0,16716711.65,196593901.0,0.0,0.0
SH603458,勘设股份,20181231,-113944383.77,352886282.23,40637364.93,68930867.2,-113944383.77,2060137544.94,630487171.52,1000000.0,274771549.24,722209561.33,0.0,0.0
SH603536,惠发食品,20181231,-660185.49,45189761.62,-32297183.29,48533855.37,-660185.49,163967501.29,66150630.55,920000.0,3571102.01,189815612.74,0.0,0.0
SH603556,海兴电力,20181231,-7998951.12,330110024.9,-758073568.16,-211439095.23,-7998951.12,1185310058.22,420090225.4,63785017.42,46644887.25,2661010543.58,0.0,1239167.63
SH603559,中通国脉,20181231,-117106755.02,48974745.07,-33766892.53,160635596.36,-117106755.02,684863490.68,300295502.96,0.0,39899631.7,167932270.8,0.0,325313349.92
SH603569,长久物流,20181231,-634819953.56,401261855.61,-777191842.21,1559156995.03,-634819953.56,2225377316.72,982692545.82,218440031.55,111416073.57,1476458563.22,8231085.94,7084627.32
SH603577,汇金通,20181231,-83967020.3,31347694.01,-81929993.65,98028397.2,-83967020.3,389258599.38,57445857.53,10057443.49,21212532.94,250746443.45,0.0,0.0
SH603578,三星新材,20181231,-9783021.79,60052365.99,39155776.44,-3632106.25,-9783021.79,97627927.65,37585154.87,170382484.11,674208.43,35611946.9,0.0,0.0
SH603602,纵横通信,20181231,-17093521.47,43628147.38,-6555232.98,7621397.55,-17093521.47,286307439.47,347010304.47,0.0,37933712.05,319008260.2,0.0,0.0
SH603618,杭电股份,20181231,-706013138.61,112740764.47,-603397004.12,1352253200.45,-706013138.61,1474704532.23,378927248.21,377595627.3,130129403.89,569776796.97,0.0,0.0
SH603629,利通电子,20181231,-68949666.87,92446535.43,-45833424.2,433227894.06,-68949666.87,421525720.64,397242597.24,206724909.03,5063604.18,537420299.41,0.0,0.0
SH603636,南威软件,20181231,-269780968.06,169842399.67,37001695.69,568812078.5,-269780968.06,248911241.15,361212717.38,0.0,46355318.42,599856207.8,60889912.97,178550549.69
SH603679,华体科技,20181231,-36704681.64,70546488.48,-29681604.84,15769887.88,-36704681.64,289950002.23,126070569.6,6143318.01,9081796.06,221394498.65,0.0,0.0
SH603683,晶华新材,20181231,-9255292.31,25362687.99,-172915867.55,120707188.46,-9255292.31,133586029.6,135639222.64,11441553.94,1787293.48,158019108.18,0.0,19720669.32
SH603686,福龙马,20181231,-355532622.59,256624483.07,528912721.93,-102731371.11,-355532622.59,1718159215.46,549512248.54,53633427.74,92621755.7,976671773.1,0.0,0.0
SH603690,至纯科技,20181231,-52829726.47,31495983.33,-93755978.53,133920998.59,-52829726.47,464441937.1,317486765.7,5907998.07,23617432.58,92279022.4,0.0,5309344.2
SH603716,塞力医疗,20181231,-63828486.07,116427763.75,-228791849.31,775873910.29,-63828486.07,851701066.81,99309080.09,15715626.6,31317798.58,702879415.57,0.0,121031003.49
SH603721,中广天择,20181231,-45849647.96,27383683.77,-7952069.96,-31500000.0,-45849647.96,153149933.13,45313894.02,6200000.0,8206370.75,191713826.32,0.0,0.0
SH603727,博迈科,20181231,-367244395.55,7152765.61,66260393.68,-33734198.09,-367244395.55,278821391.58,191042918.41,229611.75,21140159.45,255055061.98,0.0,0.0
SH603729,ST龙韵,20181231,-29318386.38,22047374.27,-77448677.17,192640555.43,-29318386.38,371661160.35,32028777.96,10618490.75,12824067.74,156452097.27,0.0,0.0
SH603733,仙鹤股份,20181231,-320650116.94,292663292.47,52758236.1,331972662.16,-320650116.94,770248013.68,426820564.53,352550339.07,12193537.07,238833153.74,0.0,9375425.41
SH603768,常青股份,20181231,-15639145.79,78269408.92,-236335796.33,178057521.2,-15639145.79,228462250.49,246019568.18,84866945.0,5343814.68,581836386.77,0.0,0.0
SH603778,乾景园林,20181231,-154733047.98,-21950025.2,-101793583.11,10143800.59,-154733047.98,341379712.88,211037634.38,0.0,101591491.43,180836951.09,0.0,0.0
SH603789,星光农机,20181231,-134235529.5,-43166898.35,53912343.45,18173255.71,-134235529.5,432920578.07,132943514.51,300000.0,8789667.94,182297411.43,0.0,146951352.09
SH603813,原尚股份,20181231,-92256798.24,55175875.22,28884601.42,67418966.88,-92256798.24,274557704.28,48086640.08,354562.37,8292700.52,70859568.88,0.0,45356.46
SH603815,交建股份,20181231,-45512091.22,122250960.24,-19126959.67,123671562.95,-45512091.22,1400008533.36,2385548015.53,0.0,142298609.31,870068684.36,0.0,0.0
SH603819,神力股份,20181231,-82714215.29,48191437.12,-8913174.31,224249271.41,-82714215.29,261035293.75,40475723.48,47644393.48,1421452.64,269606332.53,0.0,0.0
SH603822,嘉澳环保,20181231,-57932585.8,56249433.37,-70861746.82,40940079.46,-57932585.8,43866105.82,43518097.4,86723879.19,12261118.36,251768021.81,0.0,75820916.77
SH603825,华扬联众,20181231,-450623738.2,116224715.75,-45722276.04,432928997.63,-450623738.2,4222333710.65,2967027180.31,632087018.98,72572563.42,395451593.1,0.0,86473310.6
SH603859,能科科技,20181231,-14469740.93,63004544.2,-87784855.57,75515577.08,-14469740.93,459784137.73,95060625.65,17537599.24,9851779.98,138194468.13,56122607.33,0.0
SH603861,白云电器,20181231,-141189488.81,178322213.82,-512596859.83,671180745.25,-141189488.81,1355728394.0,727195302.43,164133916.2,55538654.57,598786730.92,6619541.39,0.0
SH603869,新智认知,20181231,-641149209.79,366256481.65,191179987.65,281885230.88,-641149209.79,1444717866.24,400781451.85,127567124.6,135545698.92,920824572.52,98715515.58,762574172.67
SH603887,城地香江,20181231,-193302929.32,72179886.69,-23702313.58,91252290.97,-193302929.32,450820991.2,395917093.72,102922723.05,24036861.31,102439152.86,0.0,0.0
SH603889,新澳股份,20181231,-63616492.28,200608593.51,-324151315.67,159727454.67,-63616492.28,171611607.03,278641165.59,31536066.64,6854222.0,404624909.87,0.0,0.0
SH603895,天永智能,20181231,-59384764.11,35977358.08,-197470037.01,310774066.1,-59384764.11,301774223.35,108281744.26,43491703.48,14005579.57,253381016.98,0.0,0.0
SH603897,长城科技,20181231,-370952439.85,180799639.67,-411642046.13,661517769.04,-370952439.85,521247839.12,116826349.89,288239500.33,3204770.07,108657328.12,0.0,0.0
SH603909,合诚股份,20181231,-748249.63,68028491.35,-221353659.38,260627029.49,-748249.63,701690593.84,131208737.95,1000000.0,29944688.72,128154510.62,0.0,109992370.56
SH603916,苏博特,20181231,-97766088.23,269660638.73,-46420123.55,254675547.34,-97766088.23,1298823408.43,346324063.37,356169702.7,37171642.76,249441903.37,0.0,0.0
SH603918,金桥信息,20181231,-9334882.72,51228360.74,-15714406.9,27357341.64,-9334882.72,282468546.44,271069266.1,6122705.0,34674338.29,298539758.63,4397713.46,0.0
SH603933,睿能科技,20181231,-28731041.14,112002789.95,-79593040.78,23826160.07,-28731041.14,309669342.6,133035345.59,100450154.83,3196747.03,160691285.05,0.0,0.0
SH603955,大千生态,20181231,-277330249.54,90326282.81,-179653466.46,502002789.25,-277330249.54,408940758.35,484957717.59,500000.0,16010647.84,471948226.39,0.0,43637.59
SH603991,至正股份,20181231,-74765210.86,38005018.95,-41299170.38,105329774.14,-74765210.86,267254646.41,35592461.87,61785254.67,1301186.56,60395282.03,1737248.12,0.0
SH605069,正和生态,20181231,-488048877.18,141892529.13,-12440861.04,164909634.5,-488048877.18,1252985194.65,873551934.04,0.0,0.0,96607844.39,0.0,0.0
SH605090,九丰能源,20181231,-31138498.96,184192077.02,-178525572.05,47208741.55,-31138498.96,146666565.61,339498346.82,77072482.27,24081996.85,1070588430.87,0.0,1961287.66
SH605122,四方新材,20181231,-43833730.15,143878851.02,-26594492.79,53102043.5,-43833730.15,1021789528.76,426213341.42,145861911.79,3461491.56,67018986.55,0.0,0.0
SH605136,丽人丽妆,20181231,-139402996.62,251688794.95,228697593.54,-15538978.18,-139402996.62,132522241.49,418601491.37,0.0,0.0,678799664.55,0.0,0.0
SH605196,华通线缆,20181231,-172063027.26,88414761.15,-90982992.26,276229610.72,-172063027.26,815558250.73,182576740.48,34547070.26,14356379.47,116665986.7,0.0,451404.62
SH688005,容百科技,20181231,-542821374.54,210970447.79,-869592693.69,1428267248.21,-542821374.54,1085100361.28,627511389.8,661201056.68,0.0,230952945.77,0.0,0.0
SH688009,中国通号,20181231,-1586789943.14,3716795257.87,-641840754.81,1621554143.21,-1586789943.14,13598595282.88,35119238956.99,1845116686.79,1337763519.49,11712483332.67,30019437.59,305324128.58
SH688027,国盾量子,20181231,-3886023.76,71891441.12,24445452.66,0.0,-3886023.76,298841701.49,61121699.36,33719011.19,5361732.47,326970164.15,7261436.94,0.0
SH688037,芯源微,20181231,-28315546.72,30477913.09,7615423.33,-3780000.0,-28315546.72,53520285.43,29493808.59,15581824.17,5570210.11,64050453.32,0.0,0.0
SH688038,中科通达,20181231,-37902292.66,36662500.06,28245384.91,13176736.95,-37902292.66,135915294.64,107997212.15,4620630.51,6175754.56,65595504.38,0.0,0.0
SH688065,凯赛生物,20181231,-10286686.76,466292871.0,-587601949.2,645099327.67,-10286686.76,185987137.61,934352034.8,67199841.19,0.0,242784781.91,0.0,0.0
SH688066,航天宏图,20181231,-11458302.07,63527840.76,-14669870.9,30178533.52,-11458302.07,419105030.96,33044440.06,6038919.3,17781559.1,209597161.12,0.0,0.0
SH688081,兴图新科,20181231,-2914730.4,42213764.42,-3244690.87,-5777733.95,-2914730.4,185977819.74,16846235.14,9866149.6,0.0,46022135.66,0.0,0.0
SH688091,上海谊众-U,20181231,-10684930.86,-12589023.14,-16061384.96,27200000.0,-10684930.86,0.0,9747364.53,0.0,242989.16,3167499.59,0.0,0.0
SH688096,京源环保,20181231,-24432258.45,53567607.22,-4229772.65,-2484782.75,-24432258.45,258366367.52,91857523.66,47961230.77,9600225.81,48987531.3,0.0,0.0
SH688105,诺唯赞,20181231,-3999177.89,1038712.82,-56225935.83,32688927.72,-3999177.89,40133914.61,12737831.56,0.0,5154609.11,83284045.13,0.0,0.0
SH688110,东芯股份,20181231,-175239086.54,-9143083.35,49665633.71,177896789.46,-175239086.54,97731465.6,82304899.58,0.0,5203712.87,173421449.04,0.0,0.0
SH688116,天奈科技,20181231,-56890931.17,67453067.13,-195278801.86,46382805.69,-56890931.17,75973714.02,77461870.29,102454283.42,0.0,95795710.41,0.0,0.0
SH688148,芳源股份,20181231,-100736897.1,24946512.5,-61040382.06,296490684.71,-100736897.1,144609595.67,100868441.96,65155458.44,0.0,176634794.3,0.0,0.0
SH688155,先惠技术,20181231,-73637362.42,31122862.81,-6316228.03,0.0,-73637362.42,218666551.57,33200650.11,29343970.68,0.0,98135989.24,0.0,0.0
SH688159,有方科技,20181231,-87436528.26,43495208.68,-63860215.59,204696509.12,-87436528.26,305552006.17,130537077.33,48316647.71,6962264.05,96130159.52,0.0,0.0
SH688165,埃夫特-U,20181231,-257841306.49,-25573569.27,137516468.86,214576773.1,-257841306.49,524839179.99,356826906.42,45046735.35,53350155.12,468587677.98,0.0,394917916.41
SH688177,百奥泰-U,20181231,-528249563.33,-553111240.98,-339340487.95,932980339.97,-528249563.33,0.0,99142612.78,0.0,986167.66,112355238.1,0.0,0.0
SH688180,君实生物-U,20181231,-516951279.6,-722854183.06,-414787903.44,3432602271.18,-516951279.6,6635819.82,217395035.17,0.0,6242443.73,2763570176.83,0.0,0.0
SH688185,康希诺-U,20181231,-123640313.4,-138271720.58,117625350.27,45054826.79,-123640313.4,276300.0,6651349.53,0.0,0.0,57373566.46,31584596.65,0.0
SH688192,迪哲医药-U,20181231,-136426228.88,-173613982.64,138884558.33,0.0,-136426228.88,21756570.4,57820964.02,0.0,0.0,30277099.45,0.0,0.0
SH688206,概伦电子,20181231,-2768111.83,-7903202.13,-472162.83,0.0,-2768111.83,19569747.88,25035.23,0.0,12668750.84,4663751.98,0.0,0.0
SH688212,澳华内镜,20181231,-18028677.3,-4846240.5,-93040630.84,196426195.8,-18028677.3,46686197.56,12069729.58,0.0,5028963.14,153142447.6,0.0,74607541.03
SH688217,睿昂基因,20181231,-293603.75,14576759.08,-94113603.0,103807001.49,-293603.75,129235418.17,20016498.33,2660372.8,1921396.58,160245764.48,0.0,24064240.89
SH688218,江苏北人,20181231,-17246076.43,50025352.1,-14557941.02,10090401.11,-17246076.43,114985909.47,82028853.94,38851318.38,1622265.73,28998479.84,0.0,0.0
SH688219,会通股份,20181231,-123364145.17,40606707.05,49210757.43,204281665.67,-123364145.17,927010763.92,418270975.16,648124767.71,0.0,296217827.4,0.0,144781917.41
SH688221,前沿生物-U,20181231,-79134208.44,-247246113.46,10721818.06,233964431.81,-79134208.44,735255.34,8600690.13,0.0,384061.93,185144663.61,0.0,0.0
SH688226,威腾电气,20181231,-60849754.89,54015830.28,-19958870.36,69508287.56,-60849754.89,505882904.76,142479843.01,43058835.89,8885261.61,92570267.88,0.0,0.0
SH688235,百济神州-U,20181231,-4200360000.0,-4748333000.0,-4518584000.0,11060162000.0,-4200360000.0,284563000.0,873372000.0,0.0,38450000.0,3905353000.0,0.0,709000.0
SH688239,航宇科技,20181231,-81206120.78,24409240.53,-29603730.81,120131656.46,-81206120.78,190641182.19,61618056.98,91773787.18,5284946.55,16249762.3,0.0,0.0
SH688246,嘉和美康,20181231,-123982216.88,-72607733.61,-3065842.32,3218695.0,-123982216.88,116472721.6,63496760.79,8881680.0,40029148.98,102876744.87,0.0,0.0
SH688256,寒武纪-U,20181231,-55490474.49,-41046507.37,-1221412111.38,2405074781.24,-55490474.49,32644376.6,22399487.29,0.0,0.0,1354374887.7,0.0,0.0
SH688266,泽璟制药-U,20181231,-112437479.94,-441877485.2,-53112595.17,285374625.0,-112437479.94,0.0,63514210.68,0.0,577424.96,128932307.64,0.0,0.0
SH688303,大全能源,20181231,-415644463.05,405119935.81,-272506598.56,796216824.43,-415644463.05,8120772.23,209759662.6,521810287.74,0.0,635908518.92,0.0,0.0
SH688305,科德数控,20181231,-57666762.33,-37553482.72,-25182795.77,229812305.0,-57666762.33,24532271.56,50241969.71,17876944.79,1113632.63,172405328.51,35930571.76,0.0
SH688316,青云科技-U,20181231,-62396961.3,-149458548.39,244145352.17,0.0,-62396961.3,105976254.29,68701857.23,0.0,2078037.72,934596611.1,0.0,0.0
SH688319,欧林生物,20181231,-16695684.04,-19006865.16,2077347.57,19599739.99,-16695684.04,37646829.23,6340211.17,0.0,1073223.03,11462797.5,831062.26,0.0
SH688333,铂力特,20181231,-31887545.16,57993901.95,-106774857.46,114981370.99,-31887545.16,168183482.0,137476855.48,18332623.03,7199983.27,56721746.22,0.0,0.0
SH688339,亿华通-U,20181231,-78539073.53,17435867.39,-109835475.86,95666152.93,-78539073.53,418555795.3,126561190.87,92868934.63,12263114.51,132563733.68,4281108.72,0.0
SH688345,博力威,20181231,-14461183.59,63221936.19,9982822.7,-6386020.83,-14461183.59,180498444.41,198178174.24,33249359.07,14035038.41,47071379.97,0.0,0.0
SH688379,华光新材,20181231,-188414191.15,49432446.55,-8859798.47,200622329.49,-188414191.15,140699063.81,21285875.11,185640866.8,247315.63,91806671.82,0.0,0.0
SH688418,震有科技,20181231,-38841216.35,60343627.95,-4508945.51,92040250.1,-38841216.35,301218814.05,67319349.72,5933255.34,0.0,190029490.28,0.0,1240313.94
SH688488,艾迪药业,20181231,-33499955.42,8617885.47,-82497657.33,37801487.35,-33499955.42,142364191.52,44793088.26,7990002.74,4700143.27,81400263.05,43678468.11,13239342.66
SH688501,青达环保,20181231,-7664528.57,55242494.76,-13741465.01,-3749575.3,-7664528.57,440697493.43,194940570.73,70428221.24,15244037.51,110980807.07,0.0,0.0
SH688509,正元地信,20181231,-196398247.66,100929792.2,-24651894.62,198188583.54,-196398247.66,1450477653.96,591945951.53,15885311.64,0.0,486090712.15,0.0,0.0
SH688516,奥特维,20181231,-67401527.64,50270625.99,-5678572.29,45504134.53,-67401527.64,276120183.26,157491354.38,127694365.47,29184472.65,46715351.85,0.0,0.0
SH688518,联赢激光,20181231,-174037702.04,83395652.95,-144204682.18,329552302.66,-174037702.04,303631823.27,211415690.83,231573630.4,0.0,168492165.42,0.0,0.0
SH688520,神州细胞-U,20181231,-88019303.0,-459527637.0,-96484119.0,130463384.0,-88019303.0,0.0,70838539.0,0.0,0.0,6906878.0,0.0,0.0
SH688521,芯原股份-U,20181231,-698142472.29,-67799237.44,118540760.57,123819440.82,-698142472.29,248981393.97,108617418.12,0.0,0.0,183824449.81,0.0,173589323.44
SH688529,豪森股份,20181231,-86491201.9,47144344.92,-54017823.9,32012409.14,-86491201.9,168365544.69,403155745.2,49206889.44,45078166.44,103695229.37,0.0,0.0
SH688536,思瑞浦,20181231,-4367363.12,-8819416.38,-2529168.67,10824742.0,-4367363.12,14707557.04,10695738.87,0.0,0.0,45315447.69,0.0,0.0
SH688538,和辉光电-U,20181231,-329048613.02,-847329782.36,-7244059006.8,4539181923.7,-329048613.02,24500211.35,292216519.21,110693934.86,367095967.96,1654079783.77,11970087.44,0.0
SH688557,兰剑智能,20181231,-48692884.35,35757329.94,-10189854.32,66204655.89,-48692884.35,97181617.09,70711734.69,150000.0,9853257.54,47491988.51,0.0,0.0
SH688559,海目星,20181231,-6032188.72,83303619.58,-284904406.28,234566499.8,-6032188.72,437538208.54,286028630.4,53148991.6,10176899.81,177892956.91,0.0,0.0
SH688561,奇安信-U,20181231,-956441635.64,-952514437.89,-154024580.29,1884153997.79,-956441635.64,542857670.38,543648310.8,76600728.88,936121960.74,1645926156.54,0.0,1083806373.79
SH688565,力源科技,20181231,-6284032.9,47132644.55,-62328879.71,23191166.46,-6284032.9,259329992.29,136126915.45,160485295.64,9355715.0,35925268.06,0.0,0.0
SH688567,孚能科技,20181231,-437574017.99,-78214828.3,-4933786631.0,5772591281.01,-437574017.99,615442861.42,407176225.47,1019322433.5,11062129.22,5327623280.36,0.0,0.0
SH688578,艾力斯-U,20181231,-97254543.75,-97393809.35,39167532.04,122145954.88,-97254543.75,654480.0,13672932.15,0.0,0.0,128614597.16,0.0,0.0
SH688585,上纬新材,20181231,-146044993.81,24375928.78,135045866.75,-21523412.81,-146044993.81,384111706.45,317690248.64,370749022.33,0.0,111557627.98,0.0,0.0
SH688586,江航装备,20181231,-13723495.89,71098747.71,-46472741.51,-21312129.73,-13723495.89,417379738.82,330590633.04,139893298.1,10635263.61,266251530.06,0.0,0.0
SH688589,力合微,20181231,-7846495.63,22981138.83,-6722138.34,9070693.69,-7846495.63,135615538.97,71931805.58,15273733.28,0.0,75191285.11,0.0,0.0
SH688597,煜邦电力,20181231,-7024416.01,31166842.55,-2378137.4,-53904709.7,-7024416.01,281281909.59,141858861.67,23490771.86,0.0,189574321.19,0.0,0.0
SH688608,恒玄科技,20181231,-15411368.84,1770438.92,-15369318.66,34264125.5,-15411368.84,24463722.25,87468071.07,0.0,2839876.7,67566184.99,0.0,0.0
SH688616,西力科技,20181231,-22027748.48,30034126.67,-23700815.7,-9000000.0,-22027748.48,214598224.44,147240741.43,18737072.86,0.0,147787968.72,0.0,0.0
SH688619,罗普特,20181231,-166282923.0,54390021.66,143361005.58,66013792.27,-166282923.0,112649612.5,39624613.67,0.0,5979972.89,117024597.11,0.0,1211170.57
SH688628,优利德,20181231,-1075829.64,32089661.63,-32615918.1,31400594.8,-1075829.64,44573700.2,91799990.31,0.0,2699663.39,21311380.07,0.0,0.0
SH688659,元琛科技,20181231,-9154516.15,37860576.44,-8602156.68,11173181.95,-9154516.15,165496836.83,73353071.74,106901584.49,10062177.97,38903956.82,0.0,0.0
SH688669,聚石化学,20181231,-18847517.84,45208795.13,-101465111.56,102738005.57,-18847517.84,301904740.35,161340581.1,107355435.09,5990116.3,106356912.79,0.0,6837617.66
SH688670,金迪克,20181231,-35478408.77,-28013141.19,-611417.55,39534620.99,-35478408.77,0.0,37228141.97,0.0,87502.1,3674692.97,28600263.86,0.0
SH688680,海优新材,20181231,-117213425.38,27509606.37,-1914346.58,114309028.6,-117213425.38,226198078.98,86371791.75,288807545.01,803272.38,6029268.63,0.0,0.0
SH688696,极米科技,20181231,-146795656.64,9517218.66,-22440282.79,135603364.21,-146795656.64,56760652.71,242285952.37,0.0,0.0,202415751.78,0.0,0.0
SH688701,卓锦股份,20181231,-3815412.69,40281329.71,-18036763.22,-23900625.26,-3815412.69,175241661.23,56499712.17,25171484.44,0.0,74681859.83,0.0,0.0
SH688707,振华新材-U,20181231,-225153559.6,69321075.96,-602514782.61,261571389.37,-225153559.6,518940690.77,564024015.84,552387768.54,677715.26,444615912.44,0.0,0.0
SH688728,格科微,20181231,-168052684.0,499748092.0,305556321.0,-47812485.0,-168052684.0,282605523.0,313426601.0,99724573.0,0.0,223838334.0,0.0,0.0
SH688733,壹石通,20181231,-3191855.79,21034802.37,-26751513.31,30233723.45,-3191855.79,34040335.03,35088705.92,13058324.16,6391000.62,17847805.35,0.0,0.0
SH688737,中自科技,20181231,-58537432.93,-59292089.64,-17449012.34,65588468.72,-58537432.93,173617543.27,107330954.4,41761767.14,2552810.53,16102812.13,0.0,0.0
SH688766,普冉股份,20181231,-19473082.21,13373715.21,-7904235.22,31833183.96,-19473082.21,41687346.22,45267588.16,1289280.86,3015798.3,8863200.81,0.0,0.0
SH688768,容知日新,20181231,-6097470.95,15979037.52,5595235.46,-8339832.49,-6097470.95,123988455.75,15329753.33,26267859.37,2495168.78,42766630.15,0.0,0.0
SH688772,珠海冠宇,20181231,-195987421.76,222391261.63,-872272291.62,1302501459.52,-195987421.76,1411590658.3,1647463537.85,53610413.87,45243675.62,522866573.14,0.0,9070361.52
SH688788,科思科技,20181231,-59604730.03,205163575.4,-5370744.7,86014681.65,-59604730.03,415817925.12,132132347.47,26417366.49,1998935.93,66923308.58,0.0,55122.49
BJ830964,润农节水,20181231,-44154808.88,49625398.0,6899179.71,39424620.17,-44154808.88,293765335.47,60547901.21,0.0,23989061.19,35101777.99,0.0,0.0
BJ831039,国义招标,20181231,-40676181.5,50208792.93,7392873.32,-21576827.29,-40676181.5,3038710.0,21471651.63,0.0,9345438.42,599408138.68,0.0,0.0
BJ831768,拾比佰,20181231,-42837286.9,30398393.77,-14712373.65,-38391817.85,-42837286.9,152050501.94,86073058.83,200753131.88,4205702.06,30972752.82,0.0,0.0
BJ831856,浩淼科技,20181231,-27545656.0,15983501.62,-7224253.84,23051012.24,-27545656.0,135086099.55,81171380.57,4195000.0,15777631.51,71268649.36,0.0,0.0
BJ832885,星辰科技,20181231,-4930071.97,17783278.43,-1034898.2,-412751.0,-4930071.97,52578402.57,13827685.9,9550275.24,2779699.54,9221619.35,0.0,0.0
BJ834021,流金岁月,20181231,-74481716.59,54274716.59,-1974533.85,-2188380.54,-74481716.59,252796355.42,154585490.12,1165921.6,13704121.61,116899688.58,0.0,19232.19
BJ834415,恒拓开源,20181231,-1302133.66,23503685.79,26375433.0,-36000000.0,-1302133.66,135026954.63,29074627.23,0.0,13909649.12,52489725.79,0.0,45390432.79
BJ834682,球冠电缆,20181231,-46277290.82,55097041.81,-52938500.37,149642697.49,-46277290.82,645375881.44,75081162.14,31254587.4,13642729.45,144486870.39,0.0,0.0
BJ835305,云创数据,20181231,-11193249.29,56056799.66,-22559255.44,14340560.9,-11193249.29,160852636.93,21013221.57,9946000.69,4015722.31,63532048.61,0.0,0.0
BJ835508,殷图网联,20181231,-34647.78,20195472.7,4523594.38,-8000567.78,-34647.78,67722299.67,14460177.94,5732100.0,1151027.2,3973855.88,0.0,0.0
BJ835640,富士达,20181231,-5932753.75,25505616.64,5562542.1,-2223322.8,-5932753.75,202457948.48,103753418.68,50906355.66,2271469.02,64940511.93,0.0,0.0
BJ836263,中航泰达,20181231,-1701775.08,38942137.81,-6458442.58,-1351695.02,-1701775.08,144340331.67,116202003.46,29442044.78,6386109.32,33519486.14,0.0,0.0
BJ839167,同享科技,20181231,-5839670.58,16798606.5,-3085171.38,8399995.43,-5839670.58,162940094.99,61039424.41,53480359.35,81590.75,9692491.31,0.0,0.0
SZ002188,0,0,-105232770.46,-640856107.24,2188343.77,69000000.0,-105232770.46,40332710.86,21752991.51,757090.95,331769.9,56785528.3,0.0,0.0
BJ839680,0,0,-11906420.05,36956371.74,-2386694.56,38145038.01,-11906420.05,117982509.95,0.0,0.0,2441221.46,65389335.17,0.0,0.0
