
==== 0 cheap 0 exp, 0s 0m 0l len 18. df_fib_ag_selected
+----+----------+---------+----------+------------+-----------+----------+----------+-------------+---------+---------+-----------+----------------------------+--------------------------+-------------+-------------+-------------+-----------+---------+---------+---------+---------+
|    | code     | tr_pe   | amount   | total_mv   | circ_mv   | name     | date     | cur_price   | p_max   | p_min   | percent   | long_take_profit_percent   | long_stop_lost_percent   | long_in_p   | long_tp_p   | long_sl_p   | hit_sum   | h_cnt   | l_cnt   | o_cnt   | c_cnt   |
|----+----------+---------+----------+------------+-----------+----------+----------+-------------+---------+---------+-----------+----------------------------+--------------------------+-------------+-------------+-------------+-----------+---------+---------+---------+---------|
| 0  | SZ000858 | 0.67    | 7.1e+06  | 8.0e+07    | 8.0e+07   | 五粮液   | 20210830 | 207.0       | 344.4   | 48.96   | 53.49     | 6.9                        | -10.3                    | 202.86      | 216.77      | 181.91      | 4.0       | 1.0     | 2.0     | 1.0     | 0.0     |
| 1  | SZ000333 | 0.36    | 3.0e+06  | 4.6e+07    | 4.5e+07   | 美的集团 | 20210830 | 65.98       | 107.11  | 36.2    | 42.0      | 5.3                        | -7.6                     | 64.66       | 68.11       | 59.74       | 25.0      | 3.0     | 6.0     | 8.0     | 8.0     |
| 2  | SH603288 | 0.24    | 5.1e+05  | 4.4e+07    | 4.4e+07   | 海天味业 | 20210830 | 105.53      | 214.98  | 65.0    | 27.02     | 11.0                       | -10.2                    | 103.42      | 114.79      | 92.9        | 76.0      | 13.0    | 24.0    | 21.0    | 18.0    |
| 3  | SH600809 | 0.45    | 2.7e+06  | 3.4e+07    | 3.4e+07   | 山西汾酒 | 20210830 | 279.97      | 498.89  | 33.08   | 53.0      | 8.5                        | -11.5                    | 274.37      | 297.66      | 242.69      | 19.0      | 6.0     | 5.0     | 4.0     | 4.0     |
| 4  | SZ000568 | 0.47    | 4.0e+06  | 2.6e+07    | 2.6e+07   | 泸州老窖 | 20210830 | 177.15      | 313.99  | 38.13   | 50.4      | 12.2                       | -6.5                     | 173.61      | 194.82      | 162.27      | 20.0      | 4.0     | 6.0     | 6.0     | 4.0     |
| 5  | SH600585 | 6.01    | 1.5e+06  | 2.0e+07    | 1.5e+07   | 海螺水泥 | 20210830 | 37.39       | 62.69   | 28.23   | 26.58     | 8.3                        | -5.5                     | 36.64       | 39.67       | 34.64       | 29.0      | 10.0    | 6.0     | 6.0     | 7.0     |
| 6  | SZ000063 | -0.05   | 4.4e+06  | 1.5e+07    | 1.3e+07   | 中兴通讯 | 20210830 | 32.8        | 55.11   | 18.78   | 38.59     | 9.3                        | -4.1                     | 32.14       | 35.13       | 30.84       | 170.0     | 38.0    | 45.0    | 43.0    | 44.0    |
| 7  | SZ300033 | 0.91    | 1.0e+06  | 6.0e+06    | 3.0e+06   | 同花顺   | 20210830 | 111.0       | 178.61  | 38.22   | 51.84     | 8.4                        | -6.8                     | 108.78      | 117.96      | 101.4       | 82.0      | 16.0    | 30.0    | 16.0    | 20.0    |
| 8  | SZ000963 | 0.3     | 1.0e+06  | 5.6e+06    | 5.6e+06   | 华东医药 | 20210830 | 31.79       | 52.82   | 16.15   | 42.65     | 4.8                        | -9.1                     | 31.15       | 32.65       | 28.32       | 43.0      | 12.0    | 11.0    | 8.0     | 12.0    |
| 9  | SH603369 | 0.73    | 5.5e+05  | 5.3e+06    | 5.3e+06   | 今世缘   | 20210830 | 42.57       | 66.48   | 13.72   | 54.68     | 4.7                        | -10.2                    | 41.72       | 43.69       | 37.46       | 9.0       | 1.0     | 5.0     | 2.0     | 1.0     |
| 10 | SZ002223 | 1.19    | 3.7e+05  | 3.3e+06    | 3.1e+06   | 鱼跃医疗 | 20210830 | 33.02       | 41.43   | 18.66   | 63.07     | 24.5                       | -2.4                     | 32.36       | 40.29       | 31.59       | 65.0      | 14.0    | 16.0    | 18.0    | 17.0    |
| 11 | SH600398 | 0.04    | 1.0e+05  | 3.3e+06    | 3.3e+06   | 海澜之家 | 20210830 | 7.62        | 10.33   | 5.78    | 40.44     | 4.8                        | -2.4                     | 7.47        | 7.83        | 7.29        | 51.0      | 12.0    | 15.0    | 13.0    | 11.0    |
| 12 | SH603444 | 1.15    | 3.8e+05  | 2.9e+06    | 2.9e+06   | 吉比特   | 20210830 | 407.34      | 653.6   | 148.5   | 51.25     | 9.1                        | -5.9                     | 399.19      | 435.4       | 375.8       | 86.0      | 16.0    | 26.0    | 24.0    | 20.0    |
| 13 | SZ002603 | 1.52    | 2.5e+05  | 2.9e+06    | 2.4e+06   | 以岭药业 | 20210830 | 17.33       | 37.9    | 10.03   | 26.19     | 13.5                       | -10.4                    | 16.98       | 19.28       | 15.21       | 21.0      | 7.0     | 8.0     | 3.0     | 3.0     |
| 14 | SZ300482 | 1.34    | 2.0e+05  | 1.9e+06    | 1.4e+06   | 万孚生物 | 20210830 | 43.75       | 105.52  | 24.03   | 24.2      | 19.1                       | -8.6                     | 42.88       | 51.08       | 39.19       | 16.0      | 1.0     | 10.0    | 2.0     | 3.0     |
| 15 | SH603868 | -0.09   | 2.6e+04  | 1.8e+06    | 1.8e+06   | 飞科电器 | 20210830 | 40.99       | 61.86   | 33.44   | 26.57     | 6.7                        | -3.6                     | 40.17       | 42.88       | 38.73       | 31.0      | 10.0    | 10.0    | 5.0     | 6.0     |
| 16 | SZ002242 | 0.88    | 1.2e+05  | 1.7e+06    | 1.7e+06   | 九阳股份 | 20210830 | 22.69       | 45.8    | 15.26   | 24.33     | 14.2                       | -5.8                     | 22.24       | 25.4        | 20.94       | 54.0      | 14.0    | 13.0    | 12.0    | 15.0    |
| 17 | SH603766 | -0.03   | 4.7e+04  | 7.4e+05    | 7.4e+05   | 隆鑫通用 | 20210830 | 3.59        | 5.55    | 2.92    | 25.48     | 7.8                        | -3.1                     | 3.52        | 3.79        | 3.41        | 240.0     | 50.0    | 69.0    | 60.0    | 61.0    |
+----+----------+---------+----------+------------+-----------+----------+----------+-------------+---------+---------+-----------+----------------------------+--------------------------+-------------+-------------+-------------+-----------+---------+---------+---------+---------+

==== 0 cheap 0 exp, 0s 0m 0l len 61. df_pv_no_filter_ag_selected
+----+----------+---------+----------+------------+-----------+----------+----------+------+-----------------------------------------+---------------+-----------+
|    | code     | tr_pe   | amount   | total_mv   | circ_mv   | name     | date     | op   | op_rsn                                  | op_strength   | close_p   |
|----+----------+---------+----------+------------+-----------+----------+----------+------+-----------------------------------------+---------------+-----------|
| 0  | SH601398 | 1.36    | 9.3e+05  | 1.6e+08    | 1.2e+08   | 工商银行 | 20210830 | B    | SH601398_B_pvbreak_lp_year              | 24.0          | 4.58      |
| 1  | SH601398 | 1.36    | 9.3e+05  | 1.6e+08    | 1.2e+08   | 工商银行 | 20210830 | B    | SH601398_max_daily_decrease             | 1.0           | 4.58      |
| 2  | SH600036 | 0.85    | 5.2e+06  | 1.2e+08    | 1.0e+08   | 招商银行 | 20210830 | B    | SH600036_max_daily_decrease             | 1.0           | 48.45     |
| 3  | SZ000858 | 0.67    | 7.1e+06  | 8.0e+07    | 8.0e+07   | 五粮液   | 20210830 | B    | SZ000858_B_pvbreak_lp_year              | 3.0           | 207.0     |
| 4  | SZ000333 | 0.36    | 3.0e+06  | 4.6e+07    | 4.5e+07   | 美的集团 | 20210830 | B    | SZ000333_max_daily_decrease             | 1.0           | 65.98     |
| 5  | SH603288 | 0.24    | 5.1e+05  | 4.4e+07    | 4.4e+07   | 海天味业 | 20210830 | B    | SH603288_B_pvbreak_lp_year              | 7.0           | 105.53    |
| 6  | SH600276 | 0.57    | 2.0e+06  | 2.9e+07    | 2.9e+07   | 恒瑞医药 | 20210830 | B    | SH600276_B_pvbreak_lp_year              | 4.0           | 45.6      |
| 7  | SZ000568 | 0.47    | 4.0e+06  | 2.6e+07    | 2.6e+07   | 泸州老窖 | 20210830 | S    | SZ000568_max_daily_increase             | 1.0           | 177.15    |
| 8  | SZ300015 | 0.23    | 3.6e+06  | 2.5e+07    | 2.1e+07   | 爱尔眼科 | 20210830 | B    | SZ300015_B_pvbreak_lp_v_up_brk          | 4.5           | 46.0      |
| 9  | SZ300015 | 0.23    | 3.6e+06  | 2.5e+07    | 2.1e+07   | 爱尔眼科 | 20210830 | B    | SZ300015_B_pvbreak_lp_p_dn_brk_v_up_brk | 4.5           | 46.0      |
| 10 | SZ000651 | 0.64    | 3.4e+06  | 2.5e+07    | 2.4e+07   | 格力电器 | 20210830 | B    | SZ000651_B_pv_div                       | 4.59          | 41.0      |
| 11 | SZ000651 | 0.64    | 3.4e+06  | 2.5e+07    | 2.4e+07   | 格力电器 | 20210830 | B    | SZ000651_max_daily_decrease             | 1.0           | 41.0      |
| 12 | SZ000651 | 0.64    | 3.4e+06  | 2.5e+07    | 2.4e+07   | 格力电器 | 20210830 | B    | SZ000651_B_pvbreak_lp_year              | 0.0           | 41.0      |
| 13 | SZ000002 | 3.55    | 3.3e+06  | 2.3e+07    | 1.9e+07   | 万科A    | 20210830 | B    | SZ000002_decrease_gap                   | 4.31          | 19.43     |
| 14 | SZ000002 | 3.55    | 3.3e+06  | 2.3e+07    | 1.9e+07   | 万科A    | 20210830 | B    | SZ000002_B_pv_div                       | 4.08          | 19.43     |
| 15 | SZ000002 | 3.55    | 3.3e+06  | 2.3e+07    | 1.9e+07   | 万科A    | 20210830 | B    | SZ000002_B_pvbreak_lp_year              | 0.0           | 19.43     |
| 16 | SH600585 | 6.01    | 1.5e+06  | 2.0e+07    | 1.5e+07   | 海螺水泥 | 20210830 | B    | SH600585_decrease_gap                   | 1.68          | 37.39     |
| 17 | SH600585 | 6.01    | 1.5e+06  | 2.0e+07    | 1.5e+07   | 海螺水泥 | 20210830 | B    | SH600585_max_daily_decrease             | 1.0           | 37.39     |
| 18 | SZ000063 | -0.05   | 4.4e+06  | 1.5e+07    | 1.3e+07   | 中兴通讯 | 20210830 | B    | SZ000063_max_daily_decrease             | 1.0           | 32.8      |
| 19 | SH601877 | 0.63    | 3.2e+06  | 1.3e+07    | 1.3e+07   | 正泰电器 | 20210830 | S    | SH601877_increase_gap                   | 2.91          | 59.55     |
| 20 | SH601877 | 0.63    | 3.2e+06  | 1.3e+07    | 1.3e+07   | 正泰电器 | 20210830 | S    | SH601877_S_pv_div                       | 0.86          | 59.55     |
| 21 | SH601877 | 0.63    | 3.2e+06  | 1.3e+07    | 1.3e+07   | 正泰电器 | 20210830 | S    | SH601877_S_pvbreak_hp_v_up_brk          | 6.3           | 59.55     |
| 22 | SH601877 | 0.63    | 3.2e+06  | 1.3e+07    | 1.3e+07   | 正泰电器 | 20210830 | S    | SH601877_S_pvbreak_hp_year              | 0.0           | 59.55     |
| 23 | SH603195 | 0.33    | 3.0e+05  | 1.1e+07    | 1.3e+06   | 公牛集团 | 20210830 | B    | SH603195_max_daily_decrease             | 1.0           | 178.23    |
| 24 | SH603195 | 0.33    | 3.0e+05  | 1.1e+07    | 1.3e+06   | 公牛集团 | 20210830 | B    | SH603195_decrease_gap                   | 0.67          | 178.23    |
| 25 | SZ000895 | 0.99    | 5.3e+05  | 8.3e+06    | 3.6e+06   | 双汇发展 | 20210830 | B    | SZ000895_B_pv_div                       | 3.56          | 23.95     |
| 26 | SZ000895 | 0.99    | 5.3e+05  | 8.3e+06    | 3.6e+06   | 双汇发展 | 20210830 | B    | SZ000895_B_pvbreak_lp_year              | 0.0           | 23.95     |
| 27 | SZ000895 | 0.99    | 5.3e+05  | 8.3e+06    | 3.6e+06   | 双汇发展 | 20210830 | B    | SZ000895_max_daily_decrease             | 1.0           | 23.95     |
| 28 | SH600009 | 0.0     | 5.9e+05  | 7.8e+06    | 4.4e+06   | 上海机场 | 20210830 | B    | SH600009_max_daily_decrease             | 1.0           | 40.23     |
| 29 | SH600009 | 0.0     | 5.9e+05  | 7.8e+06    | 4.4e+06   | 上海机场 | 20210830 | B    | SH600009_decrease_gap                   | 1.57          | 40.23     |
| 30 | SZ000963 | 0.3     | 1.0e+06  | 5.6e+06    | 5.6e+06   | 华东医药 | 20210830 | S    | SZ000963_max_daily_increase             | 1.0           | 31.79     |
| 31 | SZ002007 | 0.85    | 1.6e+06  | 5.3e+06    | 4.6e+06   | 华兰生物 | 20210830 | B    | SZ002007_B_pvbreak_lp_year              | 0.0           | 28.99     |
| 32 | SZ002007 | 0.85    | 1.6e+06  | 5.3e+06    | 4.6e+06   | 华兰生物 | 20210830 | B    | SZ002007_B_pv_div                       | 6.43          | 28.99     |
| 33 | SZ002007 | 0.85    | 1.6e+06  | 5.3e+06    | 4.6e+06   | 华兰生物 | 20210830 | B    | SZ002007_decrease_gap                   | 9.17          | 28.99     |
| 34 | SZ300146 | 1.13    | 6.3e+05  | 4.4e+06    | 2.3e+06   | 汤臣倍健 | 20210830 | B    | SZ300146_max_daily_decrease             | 1.0           | 25.8      |
| 35 | SZ300146 | 1.13    | 6.3e+05  | 4.4e+06    | 2.3e+06   | 汤臣倍健 | 20210830 | B    | SZ300146_decrease_gap                   | 3.67          | 25.8      |
| 36 | SZ002032 | 0.47    | 1.1e+05  | 4.0e+06    | 3.0e+06   | 苏泊尔   | 20210830 | B    | SZ002032_decrease_gap                   | 0.93          | 49.22     |
| 37 | SZ002032 | 0.47    | 1.1e+05  | 4.0e+06    | 3.0e+06   | 苏泊尔   | 20210830 | B    | SZ002032_B_pvbreak_lp_year              | 0.0           | 49.22     |
| 38 | SZ002032 | 0.47    | 1.1e+05  | 4.0e+06    | 3.0e+06   | 苏泊尔   | 20210830 | B    | SZ002032_B_pv_div                       | 3.37          | 49.22     |
| 39 | SZ300144 | 0.0     | 7.3e+05  | 4.0e+06    | 3.5e+06   | 宋城演艺 | 20210830 | B    | SZ300144_B_pvbreak_lp_v_up_brk          | 2.6           | 15.25     |
| 40 | SZ300144 | 0.0     | 7.3e+05  | 4.0e+06    | 3.5e+06   | 宋城演艺 | 20210830 | S    | SZ300144_max_daily_increase             | 1.0           | 15.25     |
| 41 | SZ300144 | 0.0     | 7.3e+05  | 4.0e+06    | 3.5e+06   | 宋城演艺 | 20210830 | B    | SZ300144_B_pvbreak_lp_p_dn_brk_v_up_brk | 2.6           | 15.25     |
| 42 | SH600563 | 0.07    | 7.9e+05  | 3.8e+06    | 3.8e+06   | 法拉电子 | 20210830 | B    | SH600563_decrease_gap                   | 0.44          | 167.3     |
| 43 | SH600233 | 0.99    | 3.1e+05  | 3.0e+06    | 3.0e+06   | 圆通速递 | 20210830 | S    | SH600233_max_daily_increase             | 1.0           | 9.65      |
| 44 | SH600233 | 0.99    | 3.1e+05  | 3.0e+06    | 3.0e+06   | 圆通速递 | 20210830 | S    | SH600233_increase_gap                   | 3.23          | 9.65      |
| 45 | SZ000999 | 0.53    | 3.2e+05  | 2.7e+06    | 2.7e+06   | 华润三九 | 20210830 | B    | SZ000999_decrease_gap                   | 0.32          | 27.35     |
| 46 | SZ000999 | 0.53    | 3.2e+05  | 2.7e+06    | 2.7e+06   | 华润三九 | 20210830 | B    | SZ000999_max_daily_decrease             | 1.0           | 27.35     |
| 47 | SH603866 | 0.44    | 1.2e+05  | 2.6e+06    | 2.6e+06   | 桃李面包 | 20210830 | B    | SH603866_B_pv_div                       | 2.9           | 26.85     |
| 48 | SH603866 | 0.44    | 1.2e+05  | 2.6e+06    | 2.6e+06   | 桃李面包 | 20210830 | B    | SH603866_B_pvbreak_lp_year              | 0.0           | 26.85     |
| 49 | SZ002507 | 0.47    | 3.7e+05  | 2.4e+06    | 2.1e+06   | 涪陵榨菜 | 20210830 | B    | SZ002507_max_daily_decrease             | 1.0           | 26.63     |
| 50 | SZ002507 | 0.47    | 3.7e+05  | 2.4e+06    | 2.1e+06   | 涪陵榨菜 | 20210830 | B    | SZ002507_B_pv_div                       | 2.52          | 26.63     |
| 51 | SZ002507 | 0.47    | 3.7e+05  | 2.4e+06    | 2.1e+06   | 涪陵榨菜 | 20210830 | B    | SZ002507_B_pvbreak_lp_year              | 0.0           | 26.63     |
| 52 | SZ002867 | 0.63    | 1.3e+05  | 2.0e+06    | 2.0e+06   | 周大生   | 20210830 | B    | SZ002867_max_daily_decrease             | 1.0           | 18.36     |
| 53 | SZ300482 | 1.34    | 2.0e+05  | 1.9e+06    | 1.4e+06   | 万孚生物 | 20210830 | B    | SZ300482_B_pvbreak_lp_year              | 10.0          | 43.75     |
| 54 | SZ002242 | 0.88    | 1.2e+05  | 1.7e+06    | 1.7e+06   | 九阳股份 | 20210830 | B    | SZ002242_B_pv_div                       | 3.11          | 22.69     |
| 55 | SZ002242 | 0.88    | 1.2e+05  | 1.7e+06    | 1.7e+06   | 九阳股份 | 20210830 | B    | SZ002242_B_pvbreak_lp_year              | 0.0           | 22.69     |
| 56 | SZ002572 | 0.82    | 3.2e+05  | 1.7e+06    | 1.2e+06   | 索菲亚   | 20210830 | B    | SZ002572_B_pvbreak_lp_year              | 0.0           | 18.65     |
| 57 | SZ002572 | 0.82    | 3.2e+05  | 1.7e+06    | 1.2e+06   | 索菲亚   | 20210830 | B    | SZ002572_B_pv_div                       | 3.89          | 18.65     |
| 58 | SZ300841 | 1.97    | 1.5e+05  | 1.6e+06    | 1.1e+06   | 康华生物 | 20210830 | B    | SZ300841_B_pvbreak_lp_year              | 0.0           | 179.56    |
| 59 | SZ300841 | 1.97    | 1.5e+05  | 1.6e+06    | 1.1e+06   | 康华生物 | 20210830 | B    | SZ300841_B_pv_div                       | 3.13          | 179.56    |
| 60 | SH600420 | 1.14    | 6.9e+04  | 9.6e+05    | 9.6e+05   | 国药现代 | 20210830 | B    | SH600420_max_daily_decrease             | 1.0           | 9.31      |
+----+----------+---------+----------+------------+-----------+----------+----------+------+-----------------------------------------+---------------+-----------+

==== 0 cheap 0 exp, 0s 0m 0l len 18. df_fib_ag_selected
+----+----------+---------+----------+------------+-----------+----------+----------+-------------+---------+---------+-----------+----------------------------+--------------------------+-------------+-------------+-------------+-----------+---------+---------+---------+---------+
|    | code     | tr_pe   | amount   | total_mv   | circ_mv   | name     | date     | cur_price   | p_max   | p_min   | percent   | long_take_profit_percent   | long_stop_lost_percent   | long_in_p   | long_tp_p   | long_sl_p   | hit_sum   | h_cnt   | l_cnt   | o_cnt   | c_cnt   |
|----+----------+---------+----------+------------+-----------+----------+----------+-------------+---------+---------+-----------+----------------------------+--------------------------+-------------+-------------+-------------+-----------+---------+---------+---------+---------|
| 0  | SZ000858 | 0.67    | 7.1e+06  | 8.0e+07    | 8.0e+07   | 五粮液   | 20210830 | 207.0       | 344.4   | 48.96   | 53.49     | 6.9                        | -10.3                    | 202.86      | 216.77      | 181.91      | 4.0       | 1.0     | 2.0     | 1.0     | 0.0     |
| 1  | SZ000333 | 0.36    | 3.0e+06  | 4.6e+07    | 4.5e+07   | 美的集团 | 20210830 | 65.98       | 107.11  | 36.2    | 42.0      | 5.3                        | -7.6                     | 64.66       | 68.11       | 59.74       | 25.0      | 3.0     | 6.0     | 8.0     | 8.0     |
| 2  | SH603288 | 0.24    | 5.1e+05  | 4.4e+07    | 4.4e+07   | 海天味业 | 20210830 | 105.53      | 214.98  | 65.0    | 27.02     | 11.0                       | -10.2                    | 103.42      | 114.79      | 92.9        | 76.0      | 13.0    | 24.0    | 21.0    | 18.0    |
| 3  | SH600809 | 0.45    | 2.7e+06  | 3.4e+07    | 3.4e+07   | 山西汾酒 | 20210830 | 279.97      | 498.89  | 33.08   | 53.0      | 8.5                        | -11.5                    | 274.37      | 297.66      | 242.69      | 19.0      | 6.0     | 5.0     | 4.0     | 4.0     |
| 4  | SZ000568 | 0.47    | 4.0e+06  | 2.6e+07    | 2.6e+07   | 泸州老窖 | 20210830 | 177.15      | 313.99  | 38.13   | 50.4      | 12.2                       | -6.5                     | 173.61      | 194.82      | 162.27      | 20.0      | 4.0     | 6.0     | 6.0     | 4.0     |
| 5  | SH600585 | 6.01    | 1.5e+06  | 2.0e+07    | 1.5e+07   | 海螺水泥 | 20210830 | 37.39       | 62.69   | 28.23   | 26.58     | 8.3                        | -5.5                     | 36.64       | 39.67       | 34.64       | 29.0      | 10.0    | 6.0     | 6.0     | 7.0     |
| 6  | SZ000063 | -0.05   | 4.4e+06  | 1.5e+07    | 1.3e+07   | 中兴通讯 | 20210830 | 32.8        | 55.11   | 18.78   | 38.59     | 9.3                        | -4.1                     | 32.14       | 35.13       | 30.84       | 170.0     | 38.0    | 45.0    | 43.0    | 44.0    |
| 7  | SZ300033 | 0.91    | 1.0e+06  | 6.0e+06    | 3.0e+06   | 同花顺   | 20210830 | 111.0       | 178.61  | 38.22   | 51.84     | 8.4                        | -6.8                     | 108.78      | 117.96      | 101.4       | 82.0      | 16.0    | 30.0    | 16.0    | 20.0    |
| 8  | SZ000963 | 0.3     | 1.0e+06  | 5.6e+06    | 5.6e+06   | 华东医药 | 20210830 | 31.79       | 52.82   | 16.15   | 42.65     | 4.8                        | -9.1                     | 31.15       | 32.65       | 28.32       | 43.0      | 12.0    | 11.0    | 8.0     | 12.0    |
| 9  | SH603369 | 0.73    | 5.5e+05  | 5.3e+06    | 5.3e+06   | 今世缘   | 20210830 | 42.57       | 66.48   | 13.72   | 54.68     | 4.7                        | -10.2                    | 41.72       | 43.69       | 37.46       | 9.0       | 1.0     | 5.0     | 2.0     | 1.0     |
| 10 | SZ002223 | 1.19    | 3.7e+05  | 3.3e+06    | 3.1e+06   | 鱼跃医疗 | 20210830 | 33.02       | 41.43   | 18.66   | 63.07     | 24.5                       | -2.4                     | 32.36       | 40.29       | 31.59       | 65.0      | 14.0    | 16.0    | 18.0    | 17.0    |
| 11 | SH600398 | 0.04    | 1.0e+05  | 3.3e+06    | 3.3e+06   | 海澜之家 | 20210830 | 7.62        | 10.33   | 5.78    | 40.44     | 4.8                        | -2.4                     | 7.47        | 7.83        | 7.29        | 51.0      | 12.0    | 15.0    | 13.0    | 11.0    |
| 12 | SH603444 | 1.15    | 3.8e+05  | 2.9e+06    | 2.9e+06   | 吉比特   | 20210830 | 407.34      | 653.6   | 148.5   | 51.25     | 9.1                        | -5.9                     | 399.19      | 435.4       | 375.8       | 86.0      | 16.0    | 26.0    | 24.0    | 20.0    |
| 13 | SZ002603 | 1.52    | 2.5e+05  | 2.9e+06    | 2.4e+06   | 以岭药业 | 20210830 | 17.33       | 37.9    | 10.03   | 26.19     | 13.5                       | -10.4                    | 16.98       | 19.28       | 15.21       | 21.0      | 7.0     | 8.0     | 3.0     | 3.0     |
| 14 | SZ300482 | 1.34    | 2.0e+05  | 1.9e+06    | 1.4e+06   | 万孚生物 | 20210830 | 43.75       | 105.52  | 24.03   | 24.2      | 19.1                       | -8.6                     | 42.88       | 51.08       | 39.19       | 16.0      | 1.0     | 10.0    | 2.0     | 3.0     |
| 15 | SH603868 | -0.09   | 2.6e+04  | 1.8e+06    | 1.8e+06   | 飞科电器 | 20210830 | 40.99       | 61.86   | 33.44   | 26.57     | 6.7                        | -3.6                     | 40.17       | 42.88       | 38.73       | 31.0      | 10.0    | 10.0    | 5.0     | 6.0     |
| 16 | SZ002242 | 0.88    | 1.2e+05  | 1.7e+06    | 1.7e+06   | 九阳股份 | 20210830 | 22.69       | 45.8    | 15.26   | 24.33     | 14.2                       | -5.8                     | 22.24       | 25.4        | 20.94       | 54.0      | 14.0    | 13.0    | 12.0    | 15.0    |
| 17 | SH603766 | -0.03   | 4.7e+04  | 7.4e+05    | 7.4e+05   | 隆鑫通用 | 20210830 | 3.59        | 5.55    | 2.92    | 25.48     | 7.8                        | -3.1                     | 3.52        | 3.79        | 3.41        | 240.0     | 50.0    | 69.0    | 60.0    | 61.0    |
+----+----------+---------+----------+------------+-----------+----------+----------+-------------+---------+---------+-----------+----------------------------+--------------------------+-------------+-------------+-------------+-----------+---------+---------+---------+---------+

==== 0 cheap 0 exp, 0s 0m 0l len 11. df_fib_ag_selected, df_pv_no_filter_ag_selected
+----+----------+----------+----------+---------+----------+------------+-----------+-------------+---------+---------+-----------+----------------------------+--------------------------+-------------+-------------+-------------+-----------+---------+---------+---------+---------+------+-----------------------------+---------------+-----------+
|    | code     | name     | date     | tr_pe   | amount   | total_mv   | circ_mv   | cur_price   | p_max   | p_min   | percent   | long_take_profit_percent   | long_stop_lost_percent   | long_in_p   | long_tp_p   | long_sl_p   | hit_sum   | h_cnt   | l_cnt   | o_cnt   | c_cnt   | op   | op_rsn                      | op_strength   | close_p   |
|----+----------+----------+----------+---------+----------+------------+-----------+-------------+---------+---------+-----------+----------------------------+--------------------------+-------------+-------------+-------------+-----------+---------+---------+---------+---------+------+-----------------------------+---------------+-----------|
| 8  | SZ300482 | 万孚生物 | 20210830 | 1.34    | 2.0e+05  | 1.9e+06    | 1.4e+06   | 43.75       | 105.52  | 24.03   | 24.2      | 19.1                       | -8.6                     | 42.88       | 51.08       | 39.19       | 16.0      | 1.0     | 10.0    | 2.0     | 3.0     | B    | SZ300482_B_pvbreak_lp_year  | 10.0          | 43.75     |
| 2  | SH603288 | 海天味业 | 20210830 | 0.24    | 5.1e+05  | 4.4e+07    | 4.4e+07   | 105.53      | 214.98  | 65.0    | 27.02     | 11.0                       | -10.2                    | 103.42      | 114.79      | 92.9        | 76.0      | 13.0    | 24.0    | 21.0    | 18.0    | B    | SH603288_B_pvbreak_lp_year  | 7.0           | 105.53    |
| 10 | SZ002242 | 九阳股份 | 20210830 | 0.88    | 1.2e+05  | 1.7e+06    | 1.7e+06   | 22.69       | 45.8    | 15.26   | 24.33     | 14.2                       | -5.8                     | 22.24       | 25.4        | 20.94       | 54.0      | 14.0    | 13.0    | 12.0    | 15.0    | B    | SZ002242_B_pv_div           | 3.11          | 22.69     |
| 0  | SZ000858 | 五粮液   | 20210830 | 0.67    | 7.1e+06  | 8.0e+07    | 8.0e+07   | 207.0       | 344.4   | 48.96   | 53.49     | 6.9                        | -10.3                    | 202.86      | 216.77      | 181.91      | 4.0       | 1.0     | 2.0     | 1.0     | 0.0     | B    | SZ000858_B_pvbreak_lp_year  | 3.0           | 207.0     |
| 5  | SH600585 | 海螺水泥 | 20210830 | 6.01    | 1.5e+06  | 2.0e+07    | 1.5e+07   | 37.39       | 62.69   | 28.23   | 26.58     | 8.3                        | -5.5                     | 36.64       | 39.67       | 34.64       | 29.0      | 10.0    | 6.0     | 6.0     | 7.0     | B    | SH600585_decrease_gap       | 1.68          | 37.39     |
| 1  | SZ000333 | 美的集团 | 20210830 | 0.36    | 3.0e+06  | 4.6e+07    | 4.5e+07   | 65.98       | 107.11  | 36.2    | 42.0      | 5.3                        | -7.6                     | 64.66       | 68.11       | 59.74       | 25.0      | 3.0     | 6.0     | 8.0     | 8.0     | B    | SZ000333_max_daily_decrease | 1.0           | 65.98     |
| 3  | SZ000568 | 泸州老窖 | 20210830 | 0.47    | 4.0e+06  | 2.6e+07    | 2.6e+07   | 177.15      | 313.99  | 38.13   | 50.4      | 12.2                       | -6.5                     | 173.61      | 194.82      | 162.27      | 20.0      | 4.0     | 6.0     | 6.0     | 4.0     | S    | SZ000568_max_daily_increase | 1.0           | 177.15    |
| 4  | SH600585 | 海螺水泥 | 20210830 | 6.01    | 1.5e+06  | 2.0e+07    | 1.5e+07   | 37.39       | 62.69   | 28.23   | 26.58     | 8.3                        | -5.5                     | 36.64       | 39.67       | 34.64       | 29.0      | 10.0    | 6.0     | 6.0     | 7.0     | B    | SH600585_max_daily_decrease | 1.0           | 37.39     |
| 6  | SZ000063 | 中兴通讯 | 20210830 | -0.05   | 4.4e+06  | 1.5e+07    | 1.3e+07   | 32.8        | 55.11   | 18.78   | 38.59     | 9.3                        | -4.1                     | 32.14       | 35.13       | 30.84       | 170.0     | 38.0    | 45.0    | 43.0    | 44.0    | B    | SZ000063_max_daily_decrease | 1.0           | 32.8      |
| 7  | SZ000963 | 华东医药 | 20210830 | 0.3     | 1.0e+06  | 5.6e+06    | 5.6e+06   | 31.79       | 52.82   | 16.15   | 42.65     | 4.8                        | -9.1                     | 31.15       | 32.65       | 28.32       | 43.0      | 12.0    | 11.0    | 8.0     | 12.0    | S    | SZ000963_max_daily_increase | 1.0           | 31.79     |
| 9  | SZ002242 | 九阳股份 | 20210830 | 0.88    | 1.2e+05  | 1.7e+06    | 1.7e+06   | 22.69       | 45.8    | 15.26   | 24.33     | 14.2                       | -5.8                     | 22.24       | 25.4        | 20.94       | 54.0      | 14.0    | 13.0    | 12.0    | 15.0    | B    | SZ002242_B_pvbreak_lp_year  | 0.0           | 22.69     |
+----+----------+----------+----------+---------+----------+------------+-----------+-------------+---------+---------+-----------+----------------------------+--------------------------+-------------+-------------+-------------+-----------+---------+---------+---------+---------+------+-----------------------------+---------------+-----------+

==== 0 cheap 0 exp, 0s 0m 0l len 18. df_fib_ag_selected
+----+----------+----------+----------+---------+----------+------------+-----------+-------------+---------+---------+-----------+----------------------------+--------------------------+-------------+-------------+-------------+-----------+---------+---------+---------+---------+
|    | code     | name     | date     | tr_pe   | amount   | total_mv   | circ_mv   | cur_price   | p_max   | p_min   | percent   | long_take_profit_percent   | long_stop_lost_percent   | long_in_p   | long_tp_p   | long_sl_p   | hit_sum   | h_cnt   | l_cnt   | o_cnt   | c_cnt   |
|----+----------+----------+----------+---------+----------+------------+-----------+-------------+---------+---------+-----------+----------------------------+--------------------------+-------------+-------------+-------------+-----------+---------+---------+---------+---------|
| 0  | SZ000858 | 五粮液   | 20210830 | 0.67    | 7.1e+06  | 8.0e+07    | 8.0e+07   | 207.0       | 344.4   | 48.96   | 53.49     | 6.9                        | -10.3                    | 202.86      | 216.77      | 181.91      | 4.0       | 1.0     | 2.0     | 1.0     | 0.0     |
| 1  | SZ000333 | 美的集团 | 20210830 | 0.36    | 3.0e+06  | 4.6e+07    | 4.5e+07   | 65.98       | 107.11  | 36.2    | 42.0      | 5.3                        | -7.6                     | 64.66       | 68.11       | 59.74       | 25.0      | 3.0     | 6.0     | 8.0     | 8.0     |
| 2  | SH603288 | 海天味业 | 20210830 | 0.24    | 5.1e+05  | 4.4e+07    | 4.4e+07   | 105.53      | 214.98  | 65.0    | 27.02     | 11.0                       | -10.2                    | 103.42      | 114.79      | 92.9        | 76.0      | 13.0    | 24.0    | 21.0    | 18.0    |
| 3  | SH600809 | 山西汾酒 | 20210830 | 0.45    | 2.7e+06  | 3.4e+07    | 3.4e+07   | 279.97      | 498.89  | 33.08   | 53.0      | 8.5                        | -11.5                    | 274.37      | 297.66      | 242.69      | 19.0      | 6.0     | 5.0     | 4.0     | 4.0     |
| 4  | SZ000568 | 泸州老窖 | 20210830 | 0.47    | 4.0e+06  | 2.6e+07    | 2.6e+07   | 177.15      | 313.99  | 38.13   | 50.4      | 12.2                       | -6.5                     | 173.61      | 194.82      | 162.27      | 20.0      | 4.0     | 6.0     | 6.0     | 4.0     |
| 5  | SH600585 | 海螺水泥 | 20210830 | 6.01    | 1.5e+06  | 2.0e+07    | 1.5e+07   | 37.39       | 62.69   | 28.23   | 26.58     | 8.3                        | -5.5                     | 36.64       | 39.67       | 34.64       | 29.0      | 10.0    | 6.0     | 6.0     | 7.0     |
| 6  | SZ000063 | 中兴通讯 | 20210830 | -0.05   | 4.4e+06  | 1.5e+07    | 1.3e+07   | 32.8        | 55.11   | 18.78   | 38.59     | 9.3                        | -4.1                     | 32.14       | 35.13       | 30.84       | 170.0     | 38.0    | 45.0    | 43.0    | 44.0    |
| 7  | SZ300033 | 同花顺   | 20210830 | 0.91    | 1.0e+06  | 6.0e+06    | 3.0e+06   | 111.0       | 178.61  | 38.22   | 51.84     | 8.4                        | -6.8                     | 108.78      | 117.96      | 101.4       | 82.0      | 16.0    | 30.0    | 16.0    | 20.0    |
| 8  | SZ000963 | 华东医药 | 20210830 | 0.3     | 1.0e+06  | 5.6e+06    | 5.6e+06   | 31.79       | 52.82   | 16.15   | 42.65     | 4.8                        | -9.1                     | 31.15       | 32.65       | 28.32       | 43.0      | 12.0    | 11.0    | 8.0     | 12.0    |
| 9  | SH603369 | 今世缘   | 20210830 | 0.73    | 5.5e+05  | 5.3e+06    | 5.3e+06   | 42.57       | 66.48   | 13.72   | 54.68     | 4.7                        | -10.2                    | 41.72       | 43.69       | 37.46       | 9.0       | 1.0     | 5.0     | 2.0     | 1.0     |
| 10 | SZ002223 | 鱼跃医疗 | 20210830 | 1.19    | 3.7e+05  | 3.3e+06    | 3.1e+06   | 33.02       | 41.43   | 18.66   | 63.07     | 24.5                       | -2.4                     | 32.36       | 40.29       | 31.59       | 65.0      | 14.0    | 16.0    | 18.0    | 17.0    |
| 11 | SH600398 | 海澜之家 | 20210830 | 0.04    | 1.0e+05  | 3.3e+06    | 3.3e+06   | 7.62        | 10.33   | 5.78    | 40.44     | 4.8                        | -2.4                     | 7.47        | 7.83        | 7.29        | 51.0      | 12.0    | 15.0    | 13.0    | 11.0    |
| 12 | SH603444 | 吉比特   | 20210830 | 1.15    | 3.8e+05  | 2.9e+06    | 2.9e+06   | 407.34      | 653.6   | 148.5   | 51.25     | 9.1                        | -5.9                     | 399.19      | 435.4       | 375.8       | 86.0      | 16.0    | 26.0    | 24.0    | 20.0    |
| 13 | SZ002603 | 以岭药业 | 20210830 | 1.52    | 2.5e+05  | 2.9e+06    | 2.4e+06   | 17.33       | 37.9    | 10.03   | 26.19     | 13.5                       | -10.4                    | 16.98       | 19.28       | 15.21       | 21.0      | 7.0     | 8.0     | 3.0     | 3.0     |
| 14 | SZ300482 | 万孚生物 | 20210830 | 1.34    | 2.0e+05  | 1.9e+06    | 1.4e+06   | 43.75       | 105.52  | 24.03   | 24.2      | 19.1                       | -8.6                     | 42.88       | 51.08       | 39.19       | 16.0      | 1.0     | 10.0    | 2.0     | 3.0     |
| 15 | SH603868 | 飞科电器 | 20210830 | -0.09   | 2.6e+04  | 1.8e+06    | 1.8e+06   | 40.99       | 61.86   | 33.44   | 26.57     | 6.7                        | -3.6                     | 40.17       | 42.88       | 38.73       | 31.0      | 10.0    | 10.0    | 5.0     | 6.0     |
| 16 | SZ002242 | 九阳股份 | 20210830 | 0.88    | 1.2e+05  | 1.7e+06    | 1.7e+06   | 22.69       | 45.8    | 15.26   | 24.33     | 14.2                       | -5.8                     | 22.24       | 25.4        | 20.94       | 54.0      | 14.0    | 13.0    | 12.0    | 15.0    |
| 17 | SH603766 | 隆鑫通用 | 20210830 | -0.03   | 4.7e+04  | 7.4e+05    | 7.4e+05   | 3.59        | 5.55    | 2.92    | 25.48     | 7.8                        | -3.1                     | 3.52        | 3.79        | 3.41        | 240.0     | 50.0    | 69.0    | 60.0    | 61.0    |
+----+----------+----------+----------+---------+----------+------------+-----------+-------------+---------+---------+-----------+----------------------------+--------------------------+-------------+-------------+-------------+-----------+---------+---------+---------+---------+

==== 0 cheap 0 exp, 0s 0m 0l len 11. df_fib_ag_selected, df_pv_no_filter_ag_selected
+----+----------+----------+----------+---------+----------+------------+-----------+------+-----------------------------+---------------+-----------+-------------+---------+---------+-----------+----------------------------+--------------------------+-------------+-------------+-------------+-----------+---------+---------+---------+---------+
|    | code     | name     | date     | tr_pe   | amount   | total_mv   | circ_mv   | op   | op_rsn                      | op_strength   | close_p   | cur_price   | p_max   | p_min   | percent   | long_take_profit_percent   | long_stop_lost_percent   | long_in_p   | long_tp_p   | long_sl_p   | hit_sum   | h_cnt   | l_cnt   | o_cnt   | c_cnt   |
|----+----------+----------+----------+---------+----------+------------+-----------+------+-----------------------------+---------------+-----------+-------------+---------+---------+-----------+----------------------------+--------------------------+-------------+-------------+-------------+-----------+---------+---------+---------+---------|
| 8  | SZ300482 | 万孚生物 | 20210830 | 1.34    | 2.0e+05  | 1.9e+06    | 1.4e+06   | B    | SZ300482_B_pvbreak_lp_year  | 10.0          | 43.75     | 43.75       | 105.52  | 24.03   | 24.2      | 19.1                       | -8.6                     | 42.88       | 51.08       | 39.19       | 16.0      | 1.0     | 10.0    | 2.0     | 3.0     |
| 2  | SH603288 | 海天味业 | 20210830 | 0.24    | 5.1e+05  | 4.4e+07    | 4.4e+07   | B    | SH603288_B_pvbreak_lp_year  | 7.0           | 105.53    | 105.53      | 214.98  | 65.0    | 27.02     | 11.0                       | -10.2                    | 103.42      | 114.79      | 92.9        | 76.0      | 13.0    | 24.0    | 21.0    | 18.0    |
| 9  | SZ002242 | 九阳股份 | 20210830 | 0.88    | 1.2e+05  | 1.7e+06    | 1.7e+06   | B    | SZ002242_B_pv_div           | 3.11          | 22.69     | 22.69       | 45.8    | 15.26   | 24.33     | 14.2                       | -5.8                     | 22.24       | 25.4        | 20.94       | 54.0      | 14.0    | 13.0    | 12.0    | 15.0    |
| 0  | SZ000858 | 五粮液   | 20210830 | 0.67    | 7.1e+06  | 8.0e+07    | 8.0e+07   | B    | SZ000858_B_pvbreak_lp_year  | 3.0           | 207.0     | 207.0       | 344.4   | 48.96   | 53.49     | 6.9                        | -10.3                    | 202.86      | 216.77      | 181.91      | 4.0       | 1.0     | 2.0     | 1.0     | 0.0     |
| 4  | SH600585 | 海螺水泥 | 20210830 | 6.01    | 1.5e+06  | 2.0e+07    | 1.5e+07   | B    | SH600585_decrease_gap       | 1.68          | 37.39     | 37.39       | 62.69   | 28.23   | 26.58     | 8.3                        | -5.5                     | 36.64       | 39.67       | 34.64       | 29.0      | 10.0    | 6.0     | 6.0     | 7.0     |
| 1  | SZ000333 | 美的集团 | 20210830 | 0.36    | 3.0e+06  | 4.6e+07    | 4.5e+07   | B    | SZ000333_max_daily_decrease | 1.0           | 65.98     | 65.98       | 107.11  | 36.2    | 42.0      | 5.3                        | -7.6                     | 64.66       | 68.11       | 59.74       | 25.0      | 3.0     | 6.0     | 8.0     | 8.0     |
| 3  | SZ000568 | 泸州老窖 | 20210830 | 0.47    | 4.0e+06  | 2.6e+07    | 2.6e+07   | S    | SZ000568_max_daily_increase | 1.0           | 177.15    | 177.15      | 313.99  | 38.13   | 50.4      | 12.2                       | -6.5                     | 173.61      | 194.82      | 162.27      | 20.0      | 4.0     | 6.0     | 6.0     | 4.0     |
| 5  | SH600585 | 海螺水泥 | 20210830 | 6.01    | 1.5e+06  | 2.0e+07    | 1.5e+07   | B    | SH600585_max_daily_decrease | 1.0           | 37.39     | 37.39       | 62.69   | 28.23   | 26.58     | 8.3                        | -5.5                     | 36.64       | 39.67       | 34.64       | 29.0      | 10.0    | 6.0     | 6.0     | 7.0     |
| 6  | SZ000063 | 中兴通讯 | 20210830 | -0.05   | 4.4e+06  | 1.5e+07    | 1.3e+07   | B    | SZ000063_max_daily_decrease | 1.0           | 32.8      | 32.8        | 55.11   | 18.78   | 38.59     | 9.3                        | -4.1                     | 32.14       | 35.13       | 30.84       | 170.0     | 38.0    | 45.0    | 43.0    | 44.0    |
| 7  | SZ000963 | 华东医药 | 20210830 | 0.3     | 1.0e+06  | 5.6e+06    | 5.6e+06   | S    | SZ000963_max_daily_increase | 1.0           | 31.79     | 31.79       | 52.82   | 16.15   | 42.65     | 4.8                        | -9.1                     | 31.15       | 32.65       | 28.32       | 43.0      | 12.0    | 11.0    | 8.0     | 12.0    |
| 10 | SZ002242 | 九阳股份 | 20210830 | 0.88    | 1.2e+05  | 1.7e+06    | 1.7e+06   | B    | SZ002242_B_pvbreak_lp_year  | 0.0           | 22.69     | 22.69       | 45.8    | 15.26   | 24.33     | 14.2                       | -5.8                     | 22.24       | 25.4        | 20.94       | 54.0      | 14.0    | 13.0    | 12.0    | 15.0    |
+----+----------+----------+----------+---------+----------+------------+-----------+------+-----------------------------+---------------+-----------+-------------+---------+---------+-----------+----------------------------+--------------------------+-------------+-------------+-------------+-----------+---------+---------+---------+---------+

==== 0 cheap 0 exp, 0s 0m 0l len 11. df_fib_ag_selected, df_pv_no_filter_ag_selected
+----+----------+----------+----------+---------+----------+------------+-----------+-------------+---------+---------+-----------+----------------------------+--------------------------+-------------+-------------+-------------+-----------+---------+---------+---------+---------+------+-----------------------------+---------------+-----------+
